 &plot nbnd=   6, nks=    91 /
            0.500000  0.500000  0.500000
    3.323    3.545   19.362   19.362   19.398   19.398
            0.475000  0.475000  0.475000
    2.788    4.110   19.198   19.198   19.590   19.590
            0.450000  0.450000  0.450000
    2.186    4.801   19.047   19.047   19.828   19.828
            0.425000  0.425000  0.425000
    1.612    5.525   18.923   18.923   20.094   20.094
            0.400000  0.400000  0.400000
    1.068    6.278   18.828   18.828   20.388   20.388
            0.375000  0.375000  0.375000
    0.555    7.060   18.762   18.762   20.710   20.710
            0.350000  0.350000  0.350000
    0.073    7.870   18.723   18.723   21.059   21.059
            0.325000  0.325000  0.325000
   -0.377    8.707   18.714   18.714   21.435   21.435
            0.300000  0.300000  0.300000
   -0.795    9.570   18.732   18.732   21.836   21.836
            0.275000  0.275000  0.275000
   -1.180   10.460   18.778   18.778   22.259   22.259
            0.250000  0.250000  0.250000
   -1.533   11.374   18.852   18.852   22.325   22.700
            0.225000  0.225000  0.225000
   -1.853   12.312   18.954   18.954   22.380   23.151
            0.200000  0.200000  0.200000
   -2.140   13.271   19.082   19.082   22.450   23.586
            0.175000  0.175000  0.175000
   -2.394   14.251   19.236   19.236   22.529   23.919
            0.150000  0.150000  0.150000
   -2.614   15.248   19.415   19.415   22.612   23.921
            0.125000  0.125000  0.125000
   -2.801   16.258   19.617   19.617   22.685   23.597
            0.100000  0.100000  0.100000
   -2.954   17.273   19.837   19.837   22.733   23.187
            0.075000  0.075000  0.075000
   -3.073   18.282   20.069   20.069   22.725   22.785
            0.050000  0.050000  0.050000
   -3.158   19.256   20.295   20.295   22.430   22.430
            0.025000  0.025000  0.025000
   -3.209   20.118   20.480   20.480   22.166   22.166
            0.000000  0.000000  0.000000
   -3.226   20.556   20.556   20.556   22.063   22.063
            0.033333  0.000000  0.000000
   -3.216   20.407   20.407   20.473   22.038   22.227
            0.066667  0.000000  0.000000
   -3.186   20.072   20.072   20.247   21.963   22.607
            0.100000  0.000000  0.000000
   -3.135   19.673   19.673   19.924   21.843   23.079
            0.133333  0.000000  0.000000
   -3.065   19.258   19.258   19.546   21.684   23.595
            0.166667  0.000000  0.000000
   -2.974   18.845   18.845   19.140   21.491   24.138
            0.200000  0.000000  0.000000
   -2.863   18.440   18.440   18.723   21.272   23.876
            0.233333  0.000000  0.000000
   -2.732   18.047   18.047   18.307   21.034   23.020
            0.266667  0.000000  0.000000
   -2.582   17.668   17.668   17.896   20.781   22.154
            0.300000  0.000000  0.000000
   -2.411   17.304   17.304   17.497   20.519   21.286
            0.333333  0.000000  0.000000
   -2.220   16.956   16.956   17.110   20.243   20.428
            0.366667  0.000000  0.000000
   -2.010   16.624   16.624   16.737   19.548   19.994
            0.400000  0.000000  0.000000
   -1.780   16.308   16.308   16.381   18.697   19.726
            0.433333  0.000000  0.000000
   -1.531   16.010   16.010   16.042   17.854   19.465
            0.466667  0.000000  0.000000
   -1.262   15.721   15.727   15.727   17.022   19.211
            0.500000  0.000000  0.000000
   -0.974   15.417   15.462   15.462   16.203   18.965
            0.533333  0.000000  0.000000
   -0.666   15.133   15.214   15.214   15.396   18.730
            0.566667  0.000000  0.000000
   -0.340   14.604   14.867   14.983   14.983   18.506
            0.600000  0.000000  0.000000
    0.005   13.826   14.620   14.769   14.769   18.296
            0.633333  0.000000  0.000000
    0.369   13.063   14.392   14.572   14.572   18.098
            0.666667  0.000000  0.000000
    0.752   12.316   14.184   14.393   14.393   17.916
            0.700000  0.000000  0.000000
    1.152   11.585   13.996   14.230   14.230   17.748
            0.733333  0.000000  0.000000
    1.570   10.871   13.827   14.085   14.085   17.597
            0.766667  0.000000  0.000000
    2.005   10.175   13.677   13.957   13.957   17.462
            0.800000  0.000000  0.000000
    2.457    9.496   13.548   13.845   13.845   17.344
            0.833333  0.000000  0.000000
    2.923    8.838   13.438   13.751   13.751   17.244
            0.866667  0.000000  0.000000
    3.401    8.203   13.349   13.674   13.674   17.162
            0.900000  0.000000  0.000000
    3.887    7.595   13.279   13.615   13.615   17.097
            0.933333  0.000000  0.000000
    4.365    7.029   13.229   13.572   13.572   17.051
            0.966667  0.000000  0.000000
    4.790    6.552   13.199   13.546   13.546   17.023
            1.000000  0.000000  0.000000
    4.996    6.329   13.189   13.538   13.538   17.014
            1.000000  0.025000  0.025000
    5.006    6.339   12.724   13.547   13.923   17.122
            1.000000  0.050000  0.050000
    5.037    6.372   12.075   13.576   14.341   17.438
            1.000000  0.075000  0.075000
    5.089    6.427   11.393   13.625   14.664   17.938
            1.000000  0.100000  0.100000
    5.162    6.503   10.699   13.693   14.915   18.577
            1.000000  0.125000  0.125000
    5.256    6.600   10.006   13.780   15.126   19.313
            1.000000  0.150000  0.150000
    5.370    6.716    9.321   13.887   15.320   20.113
            1.000000  0.175000  0.175000
    5.505    6.848    8.652   14.013   15.512   20.957
            1.000000  0.200000  0.200000
    5.661    6.980    8.017   14.158   15.712   21.831
            1.000000  0.225000  0.225000
    5.838    6.993    7.536   14.323   15.923   22.727
            1.000000  0.250000  0.250000
    6.036    6.562    7.537   14.508   16.150   23.635
            0.966667  0.241667  0.241667
    5.765    6.791    7.677   14.453   16.082   23.339
            0.933333  0.233333  0.233333
    5.285    7.055    8.051   14.417   16.035   23.060
            0.900000  0.225000  0.225000
    4.750    7.332    8.527   14.400   16.009   22.798
            0.866667  0.216667  0.216667
    4.208    7.624    9.055   14.403   16.004   22.554
            0.833333  0.208333  0.208333
    3.673    7.933    9.619   14.425   16.020   22.329
            0.800000  0.200000  0.200000
    3.151    8.261   10.210   14.467   16.056   22.123
            0.766667  0.191667  0.191667
    2.646    8.607   10.825   14.528   16.112   21.936
            0.733333  0.183333  0.183333
    2.159    8.974   11.462   14.608   16.189   21.768
            0.700000  0.175000  0.175000
    1.690    9.359   12.119   14.707   16.285   21.621
            0.666667  0.166667  0.166667
    1.241    9.764   12.796   14.825   16.400   21.493
            0.633333  0.158333  0.158333
    0.813   10.188   13.491   14.963   16.534   21.385
            0.600000  0.150000  0.150000
    0.404   10.632   14.204   15.120   16.687   21.298
            0.566667  0.141667  0.141667
    0.017   11.094   14.934   15.297   16.857   21.231
            0.533333  0.133333  0.133333
   -0.349   11.574   15.492   15.678   17.045   21.184
            0.500000  0.125000  0.125000
   -0.695   12.073   15.707   16.433   17.255   21.157
            0.466667  0.116667  0.116667
   -1.018   12.591   15.941   17.165   17.516   21.151
            0.433333  0.108333  0.108333
   -1.320   13.126   16.194   17.620   18.082   21.165
            0.400000  0.100000  0.100000
   -1.601   13.678   16.466   17.885   18.859   21.200
            0.366667  0.091667  0.091667
   -1.859   14.247   16.757   18.141   19.665   21.257
            0.333333  0.083333  0.083333
   -2.095   14.832   17.066   18.401   20.469   21.347
            0.300000  0.075000  0.075000
   -2.309   15.432   17.394   18.665   21.154   21.579
            0.266667  0.066667  0.066667
   -2.501   16.047   17.739   18.933   21.405   22.263
            0.233333  0.058333  0.058333
   -2.671   16.674   18.102   19.202   21.530   23.081
            0.200000  0.050000  0.050000
   -2.818   17.311   18.480   19.469   21.644   23.905
            0.166667  0.041667  0.041667
   -2.942   17.954   18.873   19.730   21.752   23.834
            0.133333  0.033333  0.033333
   -3.044   18.597   19.276   19.977   21.852   23.425
            0.100000  0.025000  0.025000
   -3.124   19.230   19.683   20.201   21.939   23.018
            0.066667  0.016667  0.016667
   -3.181   19.827   20.076   20.386   22.006   22.610
            0.033333  0.008333  0.008333
   -3.215   20.328   20.408   20.511   22.049   22.228
            0.000000  0.000000  0.000000
   -3.226   20.556   20.556   20.556   22.063   22.063
