 &plot nbnd=   8, nks=    91 /
            0.500000  0.500000  0.500000
   -3.445   -0.842    4.995    4.995    7.755    9.538    9.538   13.796
            0.475000  0.475000  0.475000
   -3.482   -0.790    5.000    5.000    7.760    9.543    9.543   13.804
            0.450000  0.450000  0.450000
   -3.585   -0.640    5.013    5.013    7.775    9.559    9.559   13.829
            0.425000  0.425000  0.425000
   -3.735   -0.411    5.036    5.036    7.801    9.584    9.584   13.869
            0.400000  0.400000  0.400000
   -3.914   -0.124    5.067    5.067    7.837    9.617    9.617   13.918
            0.375000  0.375000  0.375000
   -4.105    0.207    5.108    5.108    7.882    9.654    9.654   13.968
            0.350000  0.350000  0.350000
   -4.301    0.572    5.157    5.157    7.937    9.691    9.691   13.997
            0.325000  0.325000  0.325000
   -4.493    0.964    5.215    5.215    8.002    9.723    9.723   13.958
            0.300000  0.300000  0.300000
   -4.679    1.377    5.282    5.282    8.075    9.744    9.744   13.787
            0.275000  0.275000  0.275000
   -4.854    1.809    5.356    5.356    8.156    9.745    9.745   13.484
            0.250000  0.250000  0.250000
   -5.018    2.257    5.438    5.438    8.245    9.721    9.721   13.105
            0.225000  0.225000  0.225000
   -5.168    2.716    5.526    5.526    8.339    9.666    9.666   12.691
            0.200000  0.200000  0.200000
   -5.305    3.185    5.620    5.620    8.437    9.581    9.581   12.260
            0.175000  0.175000  0.175000
   -5.426    3.659    5.717    5.717    8.536    9.470    9.470   11.822
            0.150000  0.150000  0.150000
   -5.532    4.135    5.816    5.816    8.632    9.341    9.341   11.383
            0.125000  0.125000  0.125000
   -5.623    4.606    5.914    5.914    8.720    9.204    9.204   10.951
            0.100000  0.100000  0.100000
   -5.697    5.061    6.005    6.005    8.792    9.071    9.071   10.540
            0.075000  0.075000  0.075000
   -5.755    5.485    6.086    6.086    8.835    8.952    8.952   10.170
            0.050000  0.050000  0.050000
   -5.796    5.850    6.150    6.150    8.836    8.857    8.857    9.879
            0.025000  0.025000  0.025000
   -5.821    6.110    6.192    6.192    8.796    8.796    8.800    9.703
            0.000000  0.000000  0.000000
   -5.830    6.207    6.207    6.207    8.775    8.775    8.775    9.648
            0.033333  0.000000  0.000000
   -5.825    6.174    6.185    6.185    8.762    8.803    8.803    9.680
            0.066667  0.000000  0.000000
   -5.810    6.080    6.123    6.123    8.725    8.883    8.883    9.771
            0.100000  0.000000  0.000000
   -5.785    5.934    6.028    6.028    8.664    9.008    9.008    9.910
            0.133333  0.000000  0.000000
   -5.751    5.746    5.907    5.907    8.583    9.170    9.170   10.081
            0.166667  0.000000  0.000000
   -5.706    5.527    5.769    5.769    8.486    9.361    9.361   10.268
            0.200000  0.000000  0.000000
   -5.652    5.286    5.620    5.620    8.377    9.574    9.574   10.448
            0.233333  0.000000  0.000000
   -5.589    5.028    5.465    5.465    8.258    9.805    9.805   10.592
            0.266667  0.000000  0.000000
   -5.515    4.758    5.307    5.307    8.134   10.050   10.050   10.664
            0.300000  0.000000  0.000000
   -5.432    4.479    5.150    5.150    8.006   10.306   10.306   10.635
            0.333333  0.000000  0.000000
   -5.339    4.194    4.994    4.994    7.878   10.506   10.571   10.571
            0.366667  0.000000  0.000000
   -5.236    3.904    4.842    4.842    7.751   10.308   10.843   10.843
            0.400000  0.000000  0.000000
   -5.124    3.610    4.694    4.694    7.627   10.071   11.121   11.121
            0.433333  0.000000  0.000000
   -5.003    3.314    4.552    4.552    7.507    9.815   11.405   11.405
            0.466667  0.000000  0.000000
   -4.872    3.015    4.416    4.416    7.393    9.553   11.693   11.693
            0.500000  0.000000  0.000000
   -4.733    2.716    4.287    4.287    7.285    9.292   11.985   11.985
            0.533333  0.000000  0.000000
   -4.584    2.415    4.164    4.164    7.184    9.038   12.280   12.280
            0.566667  0.000000  0.000000
   -4.425    2.114    4.049    4.049    7.092    8.793   12.579   12.579
            0.600000  0.000000  0.000000
   -4.258    1.813    3.942    3.942    7.008    8.559   12.880   12.880
            0.633333  0.000000  0.000000
   -4.083    1.512    3.842    3.842    6.934    8.338   13.183   13.183
            0.666667  0.000000  0.000000
   -3.898    1.213    3.751    3.751    6.869    8.130   13.489   13.489
            0.700000  0.000000  0.000000
   -3.706    0.915    3.668    3.668    6.814    7.936   13.798   13.798
            0.733333  0.000000  0.000000
   -3.505    0.619    3.593    3.593    6.770    7.757   14.108   14.108
            0.766667  0.000000  0.000000
   -3.296    0.325    3.527    3.527    6.737    7.592   14.420   14.420
            0.800000  0.000000  0.000000
   -3.079    0.034    3.469    3.469    6.715    7.442   14.734   14.734
            0.833333  0.000000  0.000000
   -2.854   -0.254    3.421    3.421    6.705    7.306   15.048   15.048
            0.866667  0.000000  0.000000
   -2.622   -0.537    3.381    3.381    6.707    7.184   15.361   15.361
            0.900000  0.000000  0.000000
   -2.383   -0.817    3.350    3.350    6.721    7.077   15.670   15.670
            0.933333  0.000000  0.000000
   -2.137   -1.092    3.327    3.327    6.747    6.984   15.966   15.966
            0.966667  0.000000  0.000000
   -1.885   -1.362    3.314    3.314    6.786    6.904   16.221   16.221
            1.000000  0.000000  0.000000
   -1.626   -1.626    3.309    3.309    6.839    6.839   16.342   16.342
            1.000000  0.025000  0.025000
   -1.628   -1.620    3.270    3.314    6.844    6.896   16.281   16.308
            1.000000  0.050000  0.050000
   -1.634   -1.602    3.161    3.327    6.859    7.059   16.114   16.211
            1.000000  0.075000  0.075000
   -1.646   -1.573    2.999    3.350    6.885    7.311   15.876   16.063
            1.000000  0.100000  0.100000
   -1.664   -1.531    2.808    3.381    6.921    7.631   15.596   15.877
            1.000000  0.125000  0.125000
   -1.690   -1.478    2.605    3.421    6.968    8.002   15.293   15.664
            1.000000  0.150000  0.150000
   -1.727   -1.412    2.404    3.469    7.024    8.412   14.978   15.433
            1.000000  0.175000  0.175000
   -1.777   -1.335    2.216    3.526    7.090    8.853   14.658   15.188
            1.000000  0.200000  0.200000
   -1.843   -1.246    2.050    3.591    7.165    9.318   14.338   14.849
            1.000000  0.225000  0.225000
   -1.927   -1.146    1.912    3.664    7.250    9.801   14.021   14.518
            1.000000  0.250000  0.250000
   -2.030   -1.033    1.805    3.744    7.344   10.299   13.708   14.197
            0.966667  0.241667  0.241667
   -2.035   -1.035    1.852    3.721    7.318   10.138   13.730   14.077
            0.933333  0.233333  0.233333
   -2.124   -0.957    1.928    3.706    7.304    9.989   13.641   13.864
            0.900000  0.225000  0.225000
   -2.273   -0.818    2.029    3.701    7.303    9.855   13.506   13.645
            0.866667  0.216667  0.216667
   -2.458   -0.642    2.151    3.705    7.315    9.735   13.355   13.425
            0.833333  0.208333  0.208333
   -2.660   -0.442    2.291    3.718    7.337    9.632   13.199   13.205
            0.800000  0.200000  0.200000
   -2.870   -0.225    2.445    3.741    7.371    9.547   12.987   13.042
            0.766667  0.191667  0.191667
   -3.082    0.004    2.612    3.774    7.414    9.480   12.770   12.886
            0.733333  0.183333  0.183333
   -3.293    0.244    2.789    3.816    7.465    9.434   12.554   12.731
            0.700000  0.175000  0.175000
   -3.501    0.493    2.974    3.867    7.522    9.411   12.341   12.576
            0.666667  0.166667  0.166667
   -3.704    0.750    3.165    3.928    7.583    9.413   12.129   12.420
            0.633333  0.158333  0.158333
   -3.900    1.016    3.362    3.999    7.646    9.442   11.920   12.262
            0.600000  0.150000  0.150000
   -4.089    1.289    3.562    4.078    7.709    9.499   11.714   12.100
            0.566667  0.141667  0.141667
   -4.270    1.570    3.764    4.167    7.771    9.584   11.511   11.932
            0.533333  0.133333  0.133333
   -4.443    1.857    3.967    4.265    7.831    9.694   11.314   11.757
            0.500000  0.125000  0.125000
   -4.607    2.151    4.169    4.371    7.890    9.827   11.125   11.572
            0.466667  0.116667  0.116667
   -4.761    2.450    4.369    4.486    7.948    9.971   10.951   11.377
            0.433333  0.108333  0.108333
   -4.906    2.756    4.567    4.608    8.008   10.103   10.811   11.171
            0.400000  0.100000  0.100000
   -5.040    3.067    4.739    4.761    8.069   10.168   10.753   10.955
            0.366667  0.091667  0.091667
   -5.165    3.382    4.876    4.949    8.133   10.118   10.730   10.812
            0.333333  0.083333  0.083333
   -5.279    3.700    5.018    5.131    8.201    9.993   10.499   10.927
            0.300000  0.075000  0.075000
   -5.383    4.020    5.166    5.305    8.272    9.843   10.264   11.012
            0.266667  0.066667  0.066667
   -5.476    4.341    5.318    5.469    8.346    9.688   10.029   11.004
            0.233333  0.058333  0.058333
   -5.559    4.659    5.470    5.623    8.422    9.534    9.798   10.878
            0.200000  0.050000  0.050000
   -5.630    4.972    5.622    5.764    8.497    9.385    9.575   10.669
            0.166667  0.041667  0.041667
   -5.691    5.274    5.769    5.890    8.570    9.243    9.365   10.422
            0.133333  0.033333  0.033333
   -5.741    5.558    5.906    5.998    8.637    9.109    9.175   10.177
            0.100000  0.025000  0.025000
   -5.780    5.812    6.026    6.087    8.694    8.986    9.012    9.959
            0.066667  0.016667  0.016667
   -5.807    6.019    6.122    6.152    8.738    8.880    8.885    9.790
            0.033333  0.008333  0.008333
   -5.824    6.157    6.185    6.193    8.766    8.803    8.803    9.684
            0.000000  0.000000  0.000000
   -5.830    6.207    6.207    6.207    8.775    8.775    8.775    9.648
