 &plot nbnd=  16, nks=    91 /
            0.500000  0.500000  0.500000
   -8.631   -8.551   -8.551   -8.497   -8.497   -4.637   -0.248    5.065    5.065    7.000
   10.751   10.751   13.885   16.207   17.872   17.872
            0.475000  0.475000  0.475000
   -8.631   -8.551   -8.551   -8.497   -8.497   -4.653   -0.217    5.070    5.070    7.005
   10.753   10.753   13.884   16.095   17.708   17.708
            0.450000  0.450000  0.450000
   -8.630   -8.551   -8.551   -8.497   -8.497   -4.701   -0.128    5.084    5.084    7.019
   10.760   10.760   13.878   15.823   17.365   17.365
            0.425000  0.425000  0.425000
   -8.628   -8.551   -8.551   -8.497   -8.497   -4.776    0.017    5.108    5.108    7.044
   10.770   10.770   13.854   15.497   16.982   16.982
            0.400000  0.400000  0.400000
   -8.626   -8.552   -8.552   -8.497   -8.497   -4.873    0.210    5.140    5.140    7.078
   10.781   10.781   13.785   15.192   16.605   16.605
            0.375000  0.375000  0.375000
   -8.623   -8.552   -8.552   -8.498   -8.498   -4.985    0.447    5.181    5.181    7.121
   10.791   10.791   13.631   14.973   16.253   16.253
            0.350000  0.350000  0.350000
   -8.619   -8.553   -8.553   -8.498   -8.498   -5.107    0.720    5.231    5.231    7.172
   10.795   10.795   13.374   14.870   15.935   15.935
            0.325000  0.325000  0.325000
   -8.615   -8.554   -8.554   -8.499   -8.499   -5.234    1.025    5.288    5.288    7.230
   10.791   10.791   13.036   14.862   15.659   15.659
            0.300000  0.300000  0.300000
   -8.611   -8.555   -8.555   -8.499   -8.499   -5.363    1.356    5.354    5.354    7.294
   10.773   10.773   12.658   14.913   15.431   15.431
            0.275000  0.275000  0.275000
   -8.606   -8.556   -8.556   -8.500   -8.500   -5.489    1.711    5.425    5.425    7.361
   10.738   10.738   12.263   14.993   15.256   15.256
            0.250000  0.250000  0.250000
   -8.601   -8.558   -8.558   -8.500   -8.500   -5.610    2.084    5.502    5.502    7.428
   10.683   10.683   11.868   15.078   15.138   15.138
            0.225000  0.225000  0.225000
   -8.596   -8.559   -8.559   -8.500   -8.500   -5.724    2.474    5.584    5.584    7.491
   10.608   10.608   11.484   15.079   15.079   15.142
            0.200000  0.200000  0.200000
   -8.591   -8.560   -8.560   -8.500   -8.500   -5.829    2.877    5.668    5.668    7.542
   10.514   10.514   11.117   15.078   15.078   15.143
            0.175000  0.175000  0.175000
   -8.586   -8.562   -8.562   -8.500   -8.500   -5.924    3.291    5.753    5.753    7.570
   10.407   10.407   10.780   15.040   15.132   15.132
            0.150000  0.150000  0.150000
   -8.582   -8.563   -8.563   -8.501   -8.501   -6.009    3.713    5.837    5.837    7.562
   10.293   10.293   10.483   14.828   15.234   15.234
            0.125000  0.125000  0.125000
   -8.578   -8.564   -8.564   -8.501   -8.501   -6.082    4.140    5.916    5.916    7.501
   10.179   10.179   10.241   14.554   15.378   15.378
            0.100000  0.100000  0.100000
   -8.574   -8.565   -8.565   -8.501   -8.501   -6.142    4.568    5.988    5.988    7.373
   10.062   10.072   10.072   14.270   15.556   15.556
            0.075000  0.075000  0.075000
   -8.571   -8.566   -8.566   -8.501   -8.501   -6.189    4.994    6.049    6.049    7.173
    9.947    9.980    9.980   14.016   15.754   15.754
            0.050000  0.050000  0.050000
   -8.569   -8.567   -8.567   -8.501   -8.501   -6.224    5.413    6.096    6.096    6.906
    9.884    9.909    9.909   13.817   15.954   15.954
            0.025000  0.025000  0.025000
   -8.568   -8.567   -8.567   -8.501   -8.501   -6.244    5.818    6.125    6.125    6.588
    9.857    9.864    9.864   13.690   16.119   16.119
            0.000000  0.000000  0.000000
   -8.567   -8.567   -8.567   -8.501   -8.501   -6.251    6.135    6.135    6.135    6.299
    9.849    9.849    9.849   13.646   16.184   16.184
            0.033333  0.000000  0.000000
   -8.567   -8.567   -8.567   -8.501   -8.501   -6.247    5.917    6.122    6.122    6.517
    9.833    9.868    9.868   13.672   16.100   16.189
            0.066667  0.000000  0.000000
   -8.568   -8.567   -8.567   -8.501   -8.500   -6.235    5.634    6.081    6.081    6.798
    9.787    9.925    9.925   13.748   15.883   16.204
            0.100000  0.000000  0.000000
   -8.570   -8.566   -8.566   -8.501   -8.500   -6.214    5.348    6.016    6.016    7.079
    9.714   10.016   10.016   13.871   15.598   16.226
            0.133333  0.000000  0.000000
   -8.572   -8.565   -8.565   -8.501   -8.500   -6.186    5.062    5.931    5.931    7.357
    9.620   10.138   10.138   14.033   15.286   16.258
            0.166667  0.000000  0.000000
   -8.575   -8.564   -8.564   -8.502   -8.500   -6.150    4.778    5.829    5.829    7.627
    9.512   10.288   10.288   14.225   14.975   16.299
            0.200000  0.000000  0.000000
   -8.578   -8.563   -8.563   -8.502   -8.499   -6.106    4.495    5.714    5.714    7.886
    9.397   10.460   10.460   14.405   14.712   16.349
            0.233333  0.000000  0.000000
   -8.582   -8.562   -8.562   -8.503   -8.499   -6.054    4.214    5.590    5.590    8.126
    9.281   10.652   10.652   14.296   14.781   16.408
            0.266667  0.000000  0.000000
   -8.586   -8.560   -8.560   -8.503   -8.499   -5.994    3.936    5.461    5.461    8.336
    9.177   10.859   10.859   14.043   15.039   16.475
            0.300000  0.000000  0.000000
   -8.590   -8.559   -8.559   -8.504   -8.498   -5.928    3.660    5.328    5.328    8.491
    9.107   11.080   11.080   13.806   15.331   16.552
            0.333333  0.000000  0.000000
   -8.595   -8.557   -8.557   -8.505   -8.498   -5.854    3.387    5.194    5.194    8.552
    9.105   11.312   11.312   13.607   15.642   16.638
            0.366667  0.000000  0.000000
   -8.600   -8.555   -8.555   -8.506   -8.497   -5.774    3.117    5.061    5.061    8.518
    9.167   11.554   11.554   13.454   15.967   16.732
            0.400000  0.000000  0.000000
   -8.605   -8.553   -8.553   -8.507   -8.496   -5.687    2.850    4.929    4.929    8.435
    9.241   11.803   11.803   13.357   16.302   16.836
            0.433333  0.000000  0.000000
   -8.609   -8.551   -8.551   -8.508   -8.496   -5.593    2.587    4.801    4.801    8.337
    9.290   12.058   12.058   13.320   16.645   16.947
            0.466667  0.000000  0.000000
   -8.614   -8.549   -8.549   -8.509   -8.495   -5.494    2.327    4.676    4.676    8.236
    9.302   12.319   12.319   13.347   16.993   17.068
            0.500000  0.000000  0.000000
   -8.619   -8.547   -8.547   -8.510   -8.494   -5.390    2.072    4.557    4.557    8.138
    9.273   12.584   12.584   13.433   17.197   17.342
            0.533333  0.000000  0.000000
   -8.624   -8.545   -8.545   -8.511   -8.494   -5.280    1.821    4.443    4.443    8.045
    9.210   12.852   12.852   13.572   17.334   17.689
            0.566667  0.000000  0.000000
   -8.628   -8.542   -8.542   -8.512   -8.493   -5.167    1.576    4.335    4.335    7.960
    9.119   13.124   13.124   13.754   17.480   18.028
            0.600000  0.000000  0.000000
   -8.633   -8.540   -8.540   -8.513   -8.493   -5.049    1.336    4.233    4.233    7.882
    9.008   13.397   13.397   13.971   17.634   18.353
            0.633333  0.000000  0.000000
   -8.637   -8.538   -8.538   -8.514   -8.492   -4.930    1.104    4.139    4.139    7.814
    8.885   13.671   13.671   14.213   17.796   18.656
            0.666667  0.000000  0.000000
   -8.641   -8.536   -8.536   -8.515   -8.491   -4.808    0.879    4.052    4.052    7.755
    8.757   13.944   13.944   14.474   17.964   18.926
            0.700000  0.000000  0.000000
   -8.644   -8.534   -8.534   -8.516   -8.491   -4.687    0.664    3.972    3.972    7.705
    8.626   14.217   14.217   14.748   18.139   19.151
            0.733333  0.000000  0.000000
   -8.647   -8.533   -8.533   -8.517   -8.490   -4.567    0.460    3.900    3.900    7.665
    8.498   14.486   14.486   15.029   18.319   19.317
            0.766667  0.000000  0.000000
   -8.650   -8.531   -8.531   -8.518   -8.490   -4.450    0.269    3.836    3.836    7.636
    8.374   14.750   14.750   15.312   18.502   19.414
            0.800000  0.000000  0.000000
   -8.653   -8.530   -8.530   -8.519   -8.490   -4.338    0.093    3.781    3.781    7.617
    8.258   15.006   15.006   15.592   18.688   19.440
            0.833333  0.000000  0.000000
   -8.655   -8.528   -8.528   -8.519   -8.489   -4.235   -0.065    3.733    3.733    7.609
    8.150   15.248   15.248   15.863   18.872   19.403
            0.866667  0.000000  0.000000
   -8.657   -8.527   -8.527   -8.520   -8.489   -4.144   -0.201    3.694    3.694    7.610
    8.051   15.470   15.470   16.118   19.050   19.319
            0.900000  0.000000  0.000000
   -8.658   -8.527   -8.527   -8.520   -8.489   -4.067   -0.312    3.664    3.664    7.622
    7.962   15.664   15.664   16.345   19.210   19.213
            0.933333  0.000000  0.000000
   -8.659   -8.526   -8.526   -8.521   -8.489   -4.009   -0.395    3.642    3.642    7.643
    7.887   15.817   15.817   16.530   19.102   19.350
            0.966667  0.000000  0.000000
   -8.660   -8.526   -8.526   -8.521   -8.488   -3.973   -0.446    3.629    3.629    7.669
    7.828   15.916   15.916   16.654   19.021   19.410
            1.000000  0.000000  0.000000
   -8.660   -8.526   -8.526   -8.521   -8.488   -3.961   -0.464    3.625    3.625    7.684
    7.801   15.951   15.951   16.698   18.991   19.370
            1.005000 -0.030000  0.030000
   -8.660   -8.526   -8.526   -8.521   -8.489   -3.960   -0.461    3.589    3.631    7.711
    7.843   15.862   15.903   16.697   18.855   19.134
            1.010000 -0.060000  0.060000
   -8.659   -8.527   -8.526   -8.520   -8.489   -3.959   -0.452    3.487    3.649    7.750
    8.002   15.643   15.767   16.638   18.748   18.826
            1.015000 -0.090000  0.090000
   -8.658   -8.528   -8.526   -8.519   -8.489   -3.957   -0.437    3.340    3.679    7.786
    8.275   15.361   15.560   16.465   18.493   18.786
            1.020000 -0.120000  0.120000
   -8.657   -8.529   -8.527   -8.518   -8.490   -3.957   -0.418    3.168    3.720    7.830
    8.631   15.050   15.303   16.194   18.147   18.939
            1.025000 -0.150000  0.150000
   -8.656   -8.531   -8.528   -8.517   -8.491   -3.959   -0.394    2.991    3.773    7.882
    9.048   14.728   15.014   15.871   17.796   19.155
            1.030000 -0.180000  0.180000
   -8.654   -8.533   -8.529   -8.515   -8.491   -3.965   -0.365    2.825    3.837    7.944
    9.508   14.405   14.705   15.527   17.448   19.394
            1.035000 -0.210000  0.210000
   -8.652   -8.535   -8.530   -8.514   -8.492   -3.977   -0.333    2.682    3.911    8.016
    9.998   14.090   14.385   15.182   17.108   19.628
            1.040000 -0.240000  0.240000
   -8.650   -8.537   -8.531   -8.512   -8.493   -3.999   -0.296    2.568    3.995    8.095
   10.501   13.794   14.063   14.847   16.779   19.831
            1.045000 -0.270000  0.270000
   -8.648   -8.538   -8.533   -8.510   -8.495   -4.032   -0.254    2.492    4.089    8.180
   10.993   13.532   13.742   14.535   16.463   19.965
            1.050000 -0.300000  0.300000
   -8.646   -8.540   -8.534   -8.508   -8.496   -4.078   -0.203    2.454    4.191    8.270
   11.429   13.335   13.426   14.263   16.164   19.964
            1.048333 -0.323333  0.323333
   -8.645   -8.541   -8.535   -8.507   -8.496   -4.122   -0.156    2.445    4.273    8.340
   11.682   13.199   13.284   14.064   15.925   19.883
            1.046667 -0.346667  0.346667
   -8.643   -8.542   -8.537   -8.506   -8.497   -4.175   -0.099    2.458    4.360    8.410
   11.821   12.977   13.247   13.994   15.698   19.738
            1.045000 -0.370000  0.370000
   -8.641   -8.543   -8.538   -8.505   -8.498   -4.238   -0.030    2.492    4.451    8.478
   11.853   12.761   13.130   14.140   15.484   19.560
            1.043333 -0.393333  0.393333
   -8.639   -8.544   -8.539   -8.503   -8.499   -4.311    0.053    2.545    4.544    8.543
   11.815   12.552   12.942   14.454   15.282   19.371
            1.041667 -0.416667  0.416667
   -8.637   -8.545   -8.541   -8.502   -8.499   -4.393    0.149    2.618    4.640    8.603
   11.745   12.349   12.731   14.847   15.094   19.178
            1.040000 -0.440000  0.440000
   -8.635   -8.546   -8.542   -8.501   -8.500   -4.482    0.261    2.707    4.738    8.655
   11.665   12.154   12.517   14.920   15.271   18.987
            1.038333 -0.463333  0.463333
   -8.633   -8.546   -8.544   -8.501   -8.501   -4.578    0.386    2.812    4.838    8.697
   11.583   11.966   12.312   14.762   15.695   18.796
            1.036667 -0.486667  0.486667
   -8.631   -8.547   -8.545   -8.501   -8.500   -4.679    0.527    2.931    4.937    8.727
   11.504   11.786   12.123   14.621   16.089   18.597
            1.035000 -0.510000  0.510000
   -8.628   -8.548   -8.547   -8.502   -8.499   -4.784    0.682    3.063    5.037    8.743
   11.421   11.614   11.961   14.497   16.415   18.372
            1.033333 -0.533333  0.533333
   -8.626   -8.548   -8.548   -8.502   -8.499   -4.891    0.852    3.207    5.135    8.745
   11.326   11.450   11.837   14.391   16.632   18.110
            1.031667 -0.556667  0.556667
   -8.623   -8.550   -8.549   -8.502   -8.498   -4.999    1.034    3.361    5.231    8.731
   11.209   11.294   11.760   14.304   16.713   17.820
            1.030000 -0.580000  0.580000
   -8.620   -8.551   -8.550   -8.502   -8.498   -5.107    1.230    3.524    5.325    8.703
   11.074   11.146   11.723   14.237   16.663   17.527
            1.028333 -0.603333  0.603333
   -8.616   -8.553   -8.551   -8.503   -8.498   -5.214    1.439    3.696    5.415    8.662
   10.931   11.006   11.712   14.191   16.510   17.252
            1.026667 -0.626667  0.626667
   -8.613   -8.554   -8.552   -8.503   -8.498   -5.319    1.659    3.874    5.502    8.610
   10.787   10.874   11.712   14.166   16.291   17.002
            1.025000 -0.650000  0.650000
   -8.609   -8.555   -8.553   -8.503   -8.498   -5.421    1.891    4.059    5.583    8.548
   10.648   10.751   11.709   14.163   16.045   16.766
            1.023333 -0.673333  0.673333
   -8.606   -8.557   -8.554   -8.503   -8.498   -5.520    2.133    4.247    5.660    8.478
   10.517   10.635   11.691   14.182   15.808   16.533
            1.021667 -0.696667  0.696667
   -8.602   -8.558   -8.555   -8.503   -8.499   -5.614    2.386    4.438    5.731    8.400
   10.395   10.527   11.647   14.224   15.602   16.297
            1.020000 -0.720000  0.720000
   -8.598   -8.559   -8.556   -8.502   -8.499   -5.703    2.648    4.630    5.795    8.316
   10.284   10.427   11.568   14.289   15.444   16.055
            1.018333 -0.743333  0.743333
   -8.594   -8.560   -8.557   -8.502   -8.499   -5.786    2.920    4.821    5.854    8.224
   10.185   10.335   11.449   14.376   15.336   15.813
            1.016667 -0.766667  0.766667
   -8.590   -8.562   -8.559   -8.502   -8.499   -5.864    3.200    5.009    5.907    8.125
   10.099   10.251   11.293   14.487   15.260   15.592
            1.015000 -0.790000  0.790000
   -8.587   -8.563   -8.560   -8.502   -8.499   -5.935    3.487    5.192    5.954    8.016
   10.025   10.175   11.108   14.618   15.135   15.470
            1.013333 -0.813333  0.813333
   -8.583   -8.563   -8.561   -8.502   -8.500   -6.000    3.781    5.366    5.994    7.895
    9.965   10.107   10.904   14.771   14.921   15.483
            1.011667 -0.836667  0.836667
   -8.580   -8.564   -8.562   -8.501   -8.500   -6.058    4.080    5.529    6.029    7.760
    9.918   10.047   10.694   14.680   14.943   15.562
            1.010000 -0.860000  0.860000
   -8.577   -8.565   -8.564   -8.501   -8.500   -6.108    4.385    5.679    6.058    7.606
    9.885    9.994   10.491   14.443   15.132   15.672
            1.008333 -0.883333  0.883333
   -8.574   -8.566   -8.565   -8.501   -8.500   -6.152    4.692    5.812    6.083    7.431
    9.863    9.950   10.306   14.223   15.337   15.795
            1.006667 -0.906667  0.906667
   -8.571   -8.566   -8.565   -8.501   -8.500   -6.187    5.002    5.925    6.102    7.233
    9.851    9.914   10.146   14.029   15.551   15.917
            1.005000 -0.930000  0.930000
   -8.570   -8.567   -8.566   -8.501   -8.500   -6.215    5.310    6.015    6.117    7.012
    9.847    9.885   10.017   13.867   15.767   16.026
            1.003333 -0.953333  0.953333
   -8.568   -8.567   -8.567   -8.501   -8.500   -6.235    5.616    6.081    6.127    6.769
    9.847    9.865    9.924   13.746   15.968   16.112
            1.001667 -0.976667  0.976667
   -8.567   -8.567   -8.567   -8.501   -8.501   -6.247    5.912    6.122    6.133    6.509
    9.848    9.853    9.868   13.671   16.125   16.166
            1.000000 -1.000000  1.000000
   -8.567   -8.567   -8.567   -8.501   -8.501   -6.251    6.135    6.135    6.135    6.299
    9.849    9.849    9.849   13.646   16.184   16.184
