 &plot nbnd=   8, nks=    91 /
            0.500000  0.500000  0.500000
   -2.874   -0.152    5.575    5.575    8.470   10.305   10.305   14.904
            0.475000  0.475000  0.475000
   -2.909   -0.101    5.580    5.580    8.476   10.310   10.310   14.911
            0.450000  0.450000  0.450000
   -3.006    0.042    5.593    5.593    8.491   10.325   10.325   14.932
            0.425000  0.425000  0.425000
   -3.149    0.262    5.616    5.616    8.517   10.348   10.348   14.964
            0.400000  0.400000  0.400000
   -3.320    0.541    5.647    5.647    8.554   10.378   10.378   15.000
            0.375000  0.375000  0.375000
   -3.505    0.864    5.687    5.687    8.600   10.410   10.410   15.023
            0.350000  0.350000  0.350000
   -3.695    1.221    5.735    5.735    8.656   10.443   10.443   15.001
            0.325000  0.325000  0.325000
   -3.883    1.606    5.792    5.792    8.721   10.469   10.469   14.838
            0.300000  0.300000  0.300000
   -4.065    2.013    5.858    5.858    8.795   10.483   10.483   14.557
            0.275000  0.275000  0.275000
   -4.237    2.438    5.930    5.930    8.878   10.478   10.478   14.241
            0.250000  0.250000  0.250000
   -4.398    2.878    6.010    6.010    8.967   10.447   10.447   13.827
            0.225000  0.225000  0.225000
   -4.546    3.331    6.096    6.096    9.061   10.388   10.388   13.390
            0.200000  0.200000  0.200000
   -4.681    3.792    6.186    6.186    9.159   10.299   10.299   12.942
            0.175000  0.175000  0.175000
   -4.801    4.259    6.280    6.280    9.257   10.187   10.187   12.489
            0.150000  0.150000  0.150000
   -4.905    4.727    6.375    6.375    9.353   10.059   10.059   12.038
            0.125000  0.125000  0.125000
   -4.995    5.189    6.467    6.467    9.441    9.925    9.925   11.596
            0.100000  0.100000  0.100000
   -5.068    5.634    6.553    6.553    9.513    9.796    9.796   11.176
            0.075000  0.075000  0.075000
   -5.126    6.047    6.629    6.629    9.559    9.682    9.682   10.801
            0.050000  0.050000  0.050000
   -5.167    6.399    6.688    6.688    9.566    9.592    9.592   10.506
            0.025000  0.025000  0.025000
   -5.191    6.648    6.726    6.726    9.534    9.534    9.536   10.329
            0.000000  0.000000  0.000000
   -5.199    6.739    6.739    6.739    9.514    9.514    9.514   10.273
            0.033333  0.000000  0.000000
   -5.195    6.707    6.720    6.720    9.503    9.540    9.540   10.305
            0.066667  0.000000  0.000000
   -5.180    6.614    6.664    6.664    9.468    9.614    9.614   10.396
            0.100000  0.000000  0.000000
   -5.156    6.468    6.577    6.577    9.412    9.731    9.731   10.535
            0.133333  0.000000  0.000000
   -5.121    6.282    6.465    6.465    9.338    9.885    9.885   10.708
            0.166667  0.000000  0.000000
   -5.078    6.064    6.336    6.336    9.248   10.067   10.067   10.899
            0.200000  0.000000  0.000000
   -5.024    5.823    6.196    6.196    9.146   10.273   10.273   11.087
            0.233333  0.000000  0.000000
   -4.961    5.565    6.049    6.049    9.035   10.497   10.497   11.247
            0.266667  0.000000  0.000000
   -4.888    5.295    5.899    5.899    8.918   10.735   10.735   11.345
            0.300000  0.000000  0.000000
   -4.806    5.016    5.747    5.747    8.797   10.986   10.986   11.351
            0.333333  0.000000  0.000000
   -4.714    4.731    5.598    5.598    8.676   11.247   11.247   11.258
            0.366667  0.000000  0.000000
   -4.613    4.441    5.451    5.451    8.555   11.090   11.516   11.516
            0.400000  0.000000  0.000000
   -4.502    4.147    5.308    5.308    8.436   10.874   11.792   11.792
            0.433333  0.000000  0.000000
   -4.382    3.851    5.170    5.170    8.322   10.634   12.073   12.073
            0.466667  0.000000  0.000000
   -4.253    3.553    5.038    5.038    8.212   10.385   12.360   12.360
            0.500000  0.000000  0.000000
   -4.114    3.254    4.912    4.912    8.109   10.134   12.652   12.652
            0.533333  0.000000  0.000000
   -3.967    2.954    4.793    4.793    8.013    9.888   12.947   12.947
            0.566667  0.000000  0.000000
   -3.811    2.655    4.680    4.680    7.924    9.649   13.246   13.246
            0.600000  0.000000  0.000000
   -3.646    2.355    4.576    4.576    7.844    9.420   13.548   13.548
            0.633333  0.000000  0.000000
   -3.472    2.057    4.479    4.479    7.773    9.203   13.854   13.854
            0.666667  0.000000  0.000000
   -3.290    1.760    4.389    4.389    7.711    8.998   14.162   14.162
            0.700000  0.000000  0.000000
   -3.100    1.464    4.308    4.308    7.660    8.806   14.473   14.473
            0.733333  0.000000  0.000000
   -2.901    1.171    4.235    4.235    7.619    8.628   14.786   14.786
            0.766667  0.000000  0.000000
   -2.695    0.880    4.170    4.170    7.588    8.464   15.102   15.102
            0.800000  0.000000  0.000000
   -2.481    0.593    4.114    4.114    7.569    8.314   15.420   15.420
            0.833333  0.000000  0.000000
   -2.259    0.308    4.066    4.066    7.561    8.178   15.739   15.739
            0.866667  0.000000  0.000000
   -2.030    0.028    4.027    4.027    7.565    8.056   16.058   16.058
            0.900000  0.000000  0.000000
   -1.794   -0.248    3.997    3.997    7.582    7.948   16.373   16.373
            0.933333  0.000000  0.000000
   -1.551   -0.520    3.975    3.975    7.610    7.853   16.678   16.678
            0.966667  0.000000  0.000000
   -1.302   -0.786    3.962    3.962    7.651    7.773   16.945   16.945
            1.000000  0.000000  0.000000
   -1.047   -1.047    3.957    3.957    7.705    7.705   17.076   17.076
            1.000000  0.025000  0.025000
   -1.050   -1.041    3.922    3.962    7.710    7.759   17.014   17.043
            1.000000  0.050000  0.050000
   -1.057   -1.023    3.823    3.975    7.726    7.913   16.848   16.948
            1.000000  0.075000  0.075000
   -1.070   -0.994    3.676    3.996    7.751    8.153   16.610   16.803
            1.000000  0.100000  0.100000
   -1.091   -0.952    3.499    4.027    7.786    8.460   16.329   16.620
            1.000000  0.125000  0.125000
   -1.120   -0.898    3.310    4.065    7.831    8.819   16.025   16.411
            1.000000  0.150000  0.150000
   -1.161   -0.833    3.123    4.112    7.885    9.220   15.710   16.183
            1.000000  0.175000  0.175000
   -1.214   -0.756    2.947    4.167    7.949    9.651   15.390   15.889
            1.000000  0.200000  0.200000
   -1.282   -0.667    2.791    4.230    8.023   10.109   15.070   15.550
            1.000000  0.225000  0.225000
   -1.368   -0.566    2.660    4.301    8.105   10.586   14.753   15.219
            1.000000  0.250000  0.250000
   -1.471   -0.454    2.558    4.379    8.196   11.080   14.440   14.898
            0.966667  0.241667  0.241667
   -1.474   -0.456    2.602    4.356    8.170   10.920   14.460   14.791
            0.933333  0.233333  0.233333
   -1.559   -0.380    2.674    4.342    8.157   10.773   14.367   14.579
            0.900000  0.225000  0.225000
   -1.703   -0.243    2.769    4.337    8.156   10.641   14.228   14.356
            0.866667  0.216667  0.216667
   -1.882   -0.068    2.884    4.341    8.166   10.524   14.074   14.132
            0.833333  0.208333  0.208333
   -2.079    0.131    3.015    4.355    8.187   10.424   13.908   13.915
            0.800000  0.200000  0.200000
   -2.284    0.346    3.161    4.377    8.218   10.342   13.685   13.756
            0.766667  0.191667  0.191667
   -2.491    0.575    3.319    4.409    8.257   10.279   13.465   13.597
            0.733333  0.183333  0.183333
   -2.699    0.815    3.487    4.450    8.304   10.238   13.246   13.439
            0.700000  0.175000  0.175000
   -2.903    1.064    3.663    4.501    8.356   10.220   13.030   13.281
            0.666667  0.166667  0.166667
   -3.102    1.322    3.845    4.560    8.411   10.226   12.816   13.122
            0.633333  0.158333  0.158333
   -3.295    1.588    4.032    4.629    8.467   10.259   12.605   12.960
            0.600000  0.150000  0.150000
   -3.481    1.861    4.222    4.707    8.523   10.319   12.398   12.795
            0.566667  0.141667  0.141667
   -3.659    2.142    4.415    4.793    8.578   10.405   12.195   12.623
            0.533333  0.133333  0.133333
   -3.830    2.429    4.609    4.888    8.632   10.515   12.000   12.444
            0.500000  0.125000  0.125000
   -3.991    2.723    4.802    4.992    8.685   10.641   11.816   12.256
            0.466667  0.116667  0.116667
   -4.143    3.023    4.993    5.104    8.739   10.771   11.653   12.059
            0.433333  0.108333  0.108333
   -4.286    3.328    5.182    5.223    8.794   10.874   11.536   11.851
            0.400000  0.100000  0.100000
   -4.419    3.638    5.349    5.367    8.852   10.892   11.515   11.634
            0.366667  0.091667  0.091667
   -4.542    3.953    5.482    5.547    8.913   10.810   11.410   11.592
            0.333333  0.083333  0.083333
   -4.655    4.270    5.620    5.720    8.977   10.677   11.181   11.694
            0.300000  0.075000  0.075000
   -4.758    4.589    5.762    5.886    9.045   10.528   10.949   11.748
            0.266667  0.066667  0.066667
   -4.850    4.907    5.907    6.043    9.115   10.376   10.718   11.700
            0.233333  0.058333  0.058333
   -4.932    5.223    6.053    6.189    9.187   10.227   10.491   11.544
            0.200000  0.050000  0.050000
   -5.002    5.533    6.197    6.323    9.258   10.084   10.275   11.315
            0.166667  0.041667  0.041667
   -5.063    5.831    6.336    6.442    9.326    9.949   10.072   11.058
            0.133333  0.033333  0.033333
   -5.112    6.110    6.464    6.544    9.388    9.824    9.890   10.807
            0.100000  0.025000  0.025000
   -5.150    6.358    6.575    6.627    9.440    9.709    9.735   10.586
            0.066667  0.016667  0.016667
   -5.178    6.559    6.663    6.689    9.480    9.611    9.616   10.415
            0.033333  0.008333  0.008333
   -5.194    6.692    6.720    6.727    9.506    9.540    9.540   10.309
            0.000000  0.000000  0.000000
   -5.199    6.739    6.739    6.739    9.514    9.514    9.514   10.273
