 &plot nbnd=   8, nks=    91 /
            0.500000  0.500000  0.500000
   -3.056   -0.447    5.443    5.443    8.221    9.869    9.869   14.288
            0.475000  0.475000  0.475000
   -3.093   -0.394    5.447    5.447    8.226    9.874    9.874   14.297
            0.450000  0.450000  0.450000
   -3.197   -0.242    5.461    5.461    8.241    9.891    9.891   14.323
            0.425000  0.425000  0.425000
   -3.348   -0.013    5.483    5.483    8.266    9.919    9.919   14.363
            0.400000  0.400000  0.400000
   -3.528    0.277    5.515    5.515    8.301    9.954    9.954   14.415
            0.375000  0.375000  0.375000
   -3.721    0.610    5.556    5.556    8.346    9.994    9.994   14.470
            0.350000  0.350000  0.350000
   -3.917    0.978    5.605    5.605    8.401   10.036   10.036   14.512
            0.325000  0.325000  0.325000
   -4.111    1.372    5.664    5.664    8.464   10.073   10.073   14.500
            0.300000  0.300000  0.300000
   -4.297    1.789    5.731    5.731    8.536   10.099   10.100   14.163
            0.275000  0.275000  0.275000
   -4.474    2.224    5.806    5.806    8.616   10.107   10.107   13.921
            0.250000  0.250000  0.250000
   -4.638    2.675    5.889    5.889    8.702   10.088   10.088   13.727
            0.225000  0.225000  0.225000
   -4.790    3.139    5.979    5.979    8.794   10.038   10.038   13.313
            0.200000  0.200000  0.200000
   -4.927    3.612    6.075    6.075    8.888    9.956    9.956   12.877
            0.175000  0.175000  0.175000
   -5.049    4.091    6.175    6.175    8.982    9.846    9.846   12.432
            0.150000  0.150000  0.150000
   -5.156    4.573    6.277    6.277    9.071    9.715    9.715   11.986
            0.125000  0.125000  0.125000
   -5.246    5.050    6.377    6.377    9.149    9.576    9.576   11.548
            0.100000  0.100000  0.100000
   -5.321    5.512    6.473    6.473    9.207    9.439    9.439   11.133
            0.075000  0.075000  0.075000
   -5.379    5.944    6.558    6.558    9.232    9.316    9.316   10.765
            0.050000  0.050000  0.050000
   -5.421    6.318    6.625    6.625    9.213    9.217    9.217   10.480
            0.025000  0.025000  0.025000
   -5.446    6.585    6.670    6.670    9.153    9.153    9.161   10.308
            0.000000  0.000000  0.000000
   -5.455    6.685    6.685    6.685    9.131    9.131    9.131   10.252
            0.033333  0.000000  0.000000
   -5.450    6.652    6.662    6.662    9.119    9.161    9.161   10.284
            0.066667  0.000000  0.000000
   -5.435    6.558    6.595    6.595    9.083    9.245    9.245   10.375
            0.100000  0.000000  0.000000
   -5.410    6.412    6.494    6.494    9.024    9.377    9.377   10.515
            0.133333  0.000000  0.000000
   -5.375    6.223    6.367    6.367    8.947    9.547    9.547   10.687
            0.166667  0.000000  0.000000
   -5.331    6.003    6.223    6.223    8.853    9.746    9.746   10.872
            0.200000  0.000000  0.000000
   -5.276    5.760    6.068    6.068    8.747    9.967    9.967   11.044
            0.233333  0.000000  0.000000
   -5.212    5.500    5.908    5.908    8.631   10.205   10.205   11.168
            0.266667  0.000000  0.000000
   -5.138    5.228    5.745    5.745    8.510   10.457   10.457   11.203
            0.300000  0.000000  0.000000
   -5.054    4.947    5.584    5.584    8.384   10.720   10.720   11.125
            0.333333  0.000000  0.000000
   -4.961    4.658    5.425    5.425    8.258   10.955   10.992   10.992
            0.366667  0.000000  0.000000
   -4.858    4.365    5.270    5.270    8.133   10.727   11.270   11.270
            0.400000  0.000000  0.000000
   -4.745    4.068    5.119    5.119    8.010   10.470   11.555   11.555
            0.433333  0.000000  0.000000
   -4.623    3.768    4.975    4.975    7.892   10.202   11.844   11.844
            0.466667  0.000000  0.000000
   -4.492    3.466    4.837    4.837    7.779    9.932   12.138   12.138
            0.500000  0.000000  0.000000
   -4.351    3.163    4.705    4.705    7.671    9.667   12.436   12.436
            0.533333  0.000000  0.000000
   -4.201    2.859    4.581    4.581    7.571    9.410   12.737   12.737
            0.566667  0.000000  0.000000
   -4.042    2.554    4.465    4.465    7.479    9.163   13.041   13.041
            0.600000  0.000000  0.000000
   -3.874    2.249    4.356    4.356    7.396    8.928   13.348   13.348
            0.633333  0.000000  0.000000
   -3.698    1.946    4.256    4.256    7.321    8.707   13.657   13.657
            0.666667  0.000000  0.000000
   -3.512    1.643    4.164    4.164    7.256    8.499   13.968   13.968
            0.700000  0.000000  0.000000
   -3.318    1.341    4.080    4.080    7.201    8.306   14.282   14.282
            0.733333  0.000000  0.000000
   -3.116    1.042    4.004    4.004    7.156    8.127   14.598   14.598
            0.766667  0.000000  0.000000
   -2.905    0.745    3.938    3.938    7.123    7.963   14.915   14.915
            0.800000  0.000000  0.000000
   -2.687    0.451    3.880    3.880    7.100    7.814   15.234   15.234
            0.833333  0.000000  0.000000
   -2.461    0.161    3.830    3.830    7.089    7.679   15.554   15.554
            0.866667  0.000000  0.000000
   -2.227   -0.125    3.790    3.790    7.090    7.559   15.873   15.873
            0.900000  0.000000  0.000000
   -1.987   -0.408    3.759    3.759    7.103    7.453   16.187   16.187
            0.933333  0.000000  0.000000
   -1.739   -0.685    3.736    3.736    7.129    7.361   16.489   16.489
            0.966667  0.000000  0.000000
   -1.484   -0.957    3.723    3.723    7.167    7.283   16.751   16.751
            1.000000  0.000000  0.000000
   -1.224   -1.224    3.718    3.718    7.218    7.218   16.875   16.875
            1.000000  0.025000  0.025000
   -1.226   -1.218    3.678    3.723    7.223    7.276   16.807   16.842
            1.000000  0.050000  0.050000
   -1.232   -1.200    3.566    3.736    7.239    7.443   16.625   16.749
            1.000000  0.075000  0.075000
   -1.243   -1.170    3.402    3.759    7.265    7.699   16.369   16.604
            1.000000  0.100000  0.100000
   -1.261   -1.128    3.207    3.791    7.301    8.023   16.073   16.420
            1.000000  0.125000  0.125000
   -1.288   -1.074    3.001    3.831    7.347    8.399   15.755   16.209
            1.000000  0.150000  0.150000
   -1.325   -1.008    2.798    3.880    7.403    8.815   15.428   15.978
            1.000000  0.175000  0.175000
   -1.375   -0.931    2.608    3.938    7.469    9.261   15.099   15.736
            1.000000  0.200000  0.200000
   -1.441   -0.841    2.440    4.004    7.545    9.732   14.770   15.487
            1.000000  0.225000  0.225000
   -1.526   -0.740    2.300    4.078    7.630   10.221   14.444   15.234
            1.000000  0.250000  0.250000
   -1.629   -0.627    2.193    4.160    7.724   10.727   14.125   14.741
            0.966667  0.241667  0.241667
   -1.634   -0.628    2.240    4.136    7.698   10.562   14.146   14.615
            0.933333  0.233333  0.233333
   -1.724   -0.549    2.317    4.121    7.684   10.411   14.054   14.397
            0.900000  0.225000  0.225000
   -1.875   -0.409    2.419    4.115    7.684   10.275   13.917   14.173
            0.866667  0.216667  0.216667
   -2.061   -0.232    2.543    4.119    7.695   10.153   13.764   13.947
            0.833333  0.208333  0.208333
   -2.265   -0.030    2.685    4.133    7.718   10.047   13.608   13.723
            0.800000  0.200000  0.200000
   -2.476    0.188    2.841    4.156    7.752    9.958   13.451   13.499
            0.766667  0.191667  0.191667
   -2.690    0.419    3.010    4.188    7.796    9.889   13.277   13.295
            0.733333  0.183333  0.183333
   -2.903    0.661    3.189    4.231    7.848    9.839   13.057   13.141
            0.700000  0.175000  0.175000
   -3.112    0.911    3.377    4.283    7.906    9.813   12.837   12.987
            0.666667  0.166667  0.166667
   -3.316    1.171    3.572    4.344    7.969    9.811   12.620   12.833
            0.633333  0.158333  0.158333
   -3.514    1.438    3.772    4.415    8.034    9.836   12.405   12.677
            0.600000  0.150000  0.150000
   -3.704    1.714    3.975    4.496    8.099    9.889   12.192   12.517
            0.566667  0.141667  0.141667
   -3.886    1.996    4.181    4.586    8.163    9.971   11.983   12.351
            0.533333  0.133333  0.133333
   -4.060    2.285    4.387    4.685    8.225   10.081   11.778   12.177
            0.500000  0.125000  0.125000
   -4.225    2.581    4.593    4.792    8.284   10.215   11.580   11.994
            0.466667  0.116667  0.116667
   -4.380    2.884    4.798    4.909    8.343   10.365   11.394   11.799
            0.433333  0.108333  0.108333
   -4.526    3.192    4.999    5.033    8.402   10.512   11.235   11.593
            0.400000  0.100000  0.100000
   -4.661    3.505    5.165    5.197    8.462   10.605   11.150   11.376
            0.366667  0.091667  0.091667
   -4.786    3.822    5.305    5.389    8.525   10.568   11.148   11.202
            0.333333  0.083333  0.083333
   -4.901    4.143    5.451    5.575    8.590   10.440   10.914   11.338
            0.300000  0.075000  0.075000
   -5.006    4.467    5.602    5.753    8.658   10.282   10.674   11.464
            0.266667  0.066667  0.066667
   -5.099    4.791    5.757    5.922    8.729   10.118   10.434   11.511
            0.233333  0.058333  0.058333
   -5.182    5.112    5.914    6.080    8.800    9.954   10.197   11.433
            0.200000  0.050000  0.050000
   -5.254    5.429    6.070    6.226    8.872    9.795    9.967   11.249
            0.166667  0.041667  0.041667
   -5.315    5.735    6.223    6.356    8.940    9.641    9.750   11.015
            0.133333  0.033333  0.033333
   -5.365    6.023    6.366    6.468    9.003    9.495    9.552   10.776
            0.100000  0.025000  0.025000
   -5.404    6.281    6.493    6.560    9.056    9.360    9.381   10.562
            0.066667  0.016667  0.016667
   -5.432    6.492    6.595    6.628    9.097    9.244    9.247   10.394
            0.033333  0.008333  0.008333
   -5.449    6.634    6.661    6.671    9.123    9.161    9.162   10.288
            0.000000  0.000000  0.000000
   -5.455    6.685    6.685    6.685    9.131    9.131    9.131   10.252
