 &plot nbnd=   8, nks=    91 /
            0.500000  0.500000  0.500000
   -3.746   -0.997    4.949    4.949    8.332    9.925    9.925   14.622
            0.475000  0.475000  0.475000
   -3.785   -0.943    4.953    4.953    8.337    9.930    9.930   14.631
            0.450000  0.450000  0.450000
   -3.892   -0.787    4.968    4.968    8.352    9.947    9.947   14.656
            0.425000  0.425000  0.425000
   -4.048   -0.551    4.991    4.991    8.378    9.974    9.974   14.697
            0.400000  0.400000  0.400000
   -4.233   -0.252    5.024    5.024    8.413   10.008   10.008   14.748
            0.375000  0.375000  0.375000
   -4.433    0.092    5.067    5.067    8.457   10.047   10.047   14.799
            0.350000  0.350000  0.350000
   -4.636    0.471    5.118    5.118    8.511   10.086   10.086   14.831
            0.325000  0.325000  0.325000
   -4.837    0.878    5.179    5.179    8.574   10.120   10.120   14.637
            0.300000  0.300000  0.300000
   -5.031    1.307    5.248    5.248    8.644   10.142   10.142   14.332
            0.275000  0.275000  0.275000
   -5.215    1.755    5.325    5.325    8.722   10.144   10.144   14.084
            0.250000  0.250000  0.250000
   -5.386    2.218    5.409    5.409    8.806   10.119   10.119   13.900
            0.225000  0.225000  0.225000
   -5.543    2.692    5.500    5.500    8.894   10.062   10.062   13.541
            0.200000  0.200000  0.200000
   -5.686    3.175    5.596    5.596    8.983    9.974    9.974   13.104
            0.175000  0.175000  0.175000
   -5.813    3.662    5.695    5.695    9.070    9.858    9.858   12.661
            0.150000  0.150000  0.150000
   -5.924    4.148    5.796    5.796    9.150    9.724    9.724   12.222
            0.125000  0.125000  0.125000
   -6.019    4.625    5.893    5.893    9.214    9.582    9.582   11.799
            0.100000  0.100000  0.100000
   -6.097    5.081    5.985    5.985    9.254    9.446    9.446   11.410
            0.075000  0.075000  0.075000
   -6.157    5.499    6.064    6.064    9.259    9.324    9.324   11.078
            0.050000  0.050000  0.050000
   -6.201    5.850    6.127    6.127    9.224    9.228    9.228   10.829
            0.025000  0.025000  0.025000
   -6.227    6.093    6.168    6.168    9.167    9.167    9.172   10.682
            0.000000  0.000000  0.000000
   -6.236    6.182    6.182    6.182    9.146    9.146    9.146   10.634
            0.033333  0.000000  0.000000
   -6.231    6.153    6.161    6.161    9.134    9.173    9.173   10.662
            0.066667  0.000000  0.000000
   -6.215    6.070    6.101    6.101    9.097    9.252    9.252   10.742
            0.100000  0.000000  0.000000
   -6.189    5.937    6.009    6.009    9.039    9.377    9.377   10.866
            0.133333  0.000000  0.000000
   -6.153    5.763    5.890    5.890    8.962    9.540    9.540   11.021
            0.166667  0.000000  0.000000
   -6.107    5.556    5.753    5.753    8.868    9.735    9.735   11.189
            0.200000  0.000000  0.000000
   -6.050    5.323    5.604    5.604    8.761    9.954    9.954   11.342
            0.233333  0.000000  0.000000
   -5.983    5.071    5.448    5.448    8.645   10.193   10.193   11.442
            0.266667  0.000000  0.000000
   -5.906    4.802    5.288    5.288    8.523   10.448   10.448   11.446
            0.300000  0.000000  0.000000
   -5.819    4.523    5.127    5.127    8.397   10.715   10.715   11.336
            0.333333  0.000000  0.000000
   -5.721    4.234    4.968    4.968    8.269   10.993   10.993   11.139
            0.366667  0.000000  0.000000
   -5.614    3.938    4.812    4.812    8.143   10.890   11.280   11.280
            0.400000  0.000000  0.000000
   -5.497    3.636    4.660    4.660    8.019   10.618   11.574   11.574
            0.433333  0.000000  0.000000
   -5.370    3.331    4.513    4.513    7.899   10.336   11.874   11.874
            0.466667  0.000000  0.000000
   -5.233    3.022    4.373    4.373    7.784   10.055   12.180   12.180
            0.500000  0.000000  0.000000
   -5.086    2.711    4.239    4.239    7.676    9.779   12.491   12.491
            0.533333  0.000000  0.000000
   -4.930    2.398    4.112    4.112    7.575    9.512   12.805   12.805
            0.566667  0.000000  0.000000
   -4.765    2.084    3.993    3.993    7.482    9.256   13.124   13.124
            0.600000  0.000000  0.000000
   -4.590    1.770    3.881    3.881    7.397    9.013   13.445   13.445
            0.633333  0.000000  0.000000
   -4.406    1.456    3.778    3.778    7.322    8.783   13.770   13.770
            0.666667  0.000000  0.000000
   -4.213    1.142    3.683    3.683    7.257    8.568   14.098   14.098
            0.700000  0.000000  0.000000
   -4.011    0.830    3.597    3.597    7.202    8.368   14.429   14.429
            0.733333  0.000000  0.000000
   -3.800    0.520    3.519    3.519    7.157    8.182   14.763   14.763
            0.766667  0.000000  0.000000
   -3.581    0.213    3.451    3.451    7.124    8.012   15.100   15.100
            0.800000  0.000000  0.000000
   -3.354   -0.092    3.391    3.391    7.102    7.856   15.439   15.439
            0.833333  0.000000  0.000000
   -3.119   -0.394    3.340    3.340    7.093    7.716   15.780   15.780
            0.866667  0.000000  0.000000
   -2.876   -0.691    3.299    3.299    7.095    7.590   16.124   16.124
            0.900000  0.000000  0.000000
   -2.625   -0.984    3.266    3.266    7.110    7.480   16.468   16.468
            0.933333  0.000000  0.000000
   -2.367   -1.272    3.243    3.243    7.138    7.383   16.809   16.809
            0.966667  0.000000  0.000000
   -2.103   -1.555    3.229    3.229    7.179    7.301   17.135   17.135
            1.000000  0.000000  0.000000
   -1.832   -1.832    3.224    3.224    7.233    7.233   17.333   17.333
            1.000000  0.025000  0.025000
   -1.834   -1.826    3.187    3.229    7.239    7.289   17.257   17.298
            1.000000  0.050000  0.050000
   -1.841   -1.807    3.082    3.243    7.255    7.450   17.054   17.196
            1.000000  0.075000  0.075000
   -1.854   -1.776    2.927    3.266    7.281    7.701   16.776   17.041
            1.000000  0.100000  0.100000
   -1.873   -1.732    2.740    3.298    7.319    8.022   16.456   16.845
            1.000000  0.125000  0.125000
   -1.901   -1.676    2.539    3.339    7.367    8.398   16.117   16.560
            1.000000  0.150000  0.150000
   -1.941   -1.608    2.339    3.389    7.425    8.817   15.770   16.210
            1.000000  0.175000  0.175000
   -1.994   -1.527    2.151    3.448    7.493    9.269   15.421   15.860
            1.000000  0.200000  0.200000
   -2.064   -1.434    1.985    3.515    7.571    9.746   15.073   15.515
            1.000000  0.225000  0.225000
   -2.152   -1.329    1.846    3.590    7.659   10.244   14.730   15.178
            1.000000  0.250000  0.250000
   -2.261   -1.211    1.738    3.673    7.757   10.756   14.393   14.853
            0.966667  0.241667  0.241667
   -2.265   -1.212    1.785    3.649    7.729   10.590   14.398   14.784
            0.933333  0.233333  0.233333
   -2.358   -1.131    1.863    3.634    7.715   10.438   14.277   14.582
            0.900000  0.225000  0.225000
   -2.514   -0.986    1.967    3.628    7.713   10.300   14.117   14.357
            0.866667  0.216667  0.216667
   -2.707   -0.801    2.092    3.633    7.723   10.178   13.947   14.126
            0.833333  0.208333  0.208333
   -2.918   -0.592    2.235    3.647    7.745   10.073   13.775   13.894
            0.800000  0.200000  0.200000
   -3.137   -0.365    2.393    3.671    7.778    9.986   13.606   13.662
            0.766667  0.191667  0.191667
   -3.359   -0.125    2.564    3.704    7.820    9.920   13.430   13.438
            0.733333  0.183333  0.183333
   -3.580    0.126    2.745    3.748    7.870    9.876   13.199   13.272
            0.700000  0.175000  0.175000
   -3.798    0.386    2.935    3.802    7.925    9.856   12.970   13.108
            0.666667  0.166667  0.166667
   -4.010    0.655    3.132    3.865    7.984    9.863   12.742   12.943
            0.633333  0.158333  0.158333
   -4.215    0.932    3.333    3.938    8.045    9.899   12.516   12.776
            0.600000  0.150000  0.150000
   -4.413    1.217    3.538    4.021    8.106    9.964   12.292   12.605
            0.566667  0.141667  0.141667
   -4.603    1.509    3.745    4.113    8.165   10.060   12.071   12.428
            0.533333  0.133333  0.133333
   -4.784    1.808    3.952    4.214    8.223   10.184   11.854   12.243
            0.500000  0.125000  0.125000
   -4.955    2.113    4.159    4.324    8.280   10.334   11.643   12.048
            0.466667  0.116667  0.116667
   -5.116    2.423    4.363    4.443    8.337   10.502   11.442   11.842
            0.433333  0.108333  0.108333
   -5.268    2.739    4.564    4.570    8.396   10.669   11.267   11.625
            0.400000  0.100000  0.100000
   -5.409    3.060    4.704    4.760    8.457   10.763   11.184   11.398
            0.366667  0.091667  0.091667
   -5.540    3.384    4.845    4.949    8.520   10.682   11.162   11.286
            0.333333  0.083333  0.083333
   -5.659    3.710    4.992    5.132    8.588   10.521   10.919   11.463
            0.300000  0.075000  0.075000
   -5.768    4.037    5.143    5.305    8.659   10.343   10.673   11.624
            0.266667  0.066667  0.066667
   -5.866    4.363    5.297    5.469    8.732   10.165   10.427   11.707
            0.233333  0.058333  0.058333
   -5.952    4.684    5.453    5.620    8.806    9.990   10.187   11.667
            0.200000  0.050000  0.050000
   -6.027    4.997    5.606    5.758    8.880    9.820    9.956   11.515
            0.166667  0.041667  0.041667
   -6.091    5.296    5.753    5.880    8.951    9.658    9.740   11.308
            0.133333  0.033333  0.033333
   -6.143    5.572    5.889    5.984    9.015    9.505    9.546   11.094
            0.100000  0.025000  0.025000
   -6.183    5.815    6.007    6.069    9.069    9.367    9.381   10.904
            0.066667  0.016667  0.016667
   -6.212    6.010    6.101    6.131    9.111    9.252    9.254   10.758
            0.033333  0.008333  0.008333
   -6.230    6.137    6.161    6.169    9.137    9.174    9.174   10.665
            0.000000  0.000000  0.000000
   -6.236    6.182    6.182    6.182    9.146    9.146    9.146   10.634
