  0.00000000E+00 -0.33146545E+01
  0.10081130E-01 -0.33166294E+01
  0.20162259E-01 -0.33225230E+01
  0.30243389E-01 -0.33322438E+01
  0.40324518E-01 -0.33456451E+01
  0.50405648E-01 -0.33625326E+01
  0.60486778E-01 -0.33826740E+01
  0.70567907E-01 -0.34058092E+01
  0.80649037E-01 -0.34316609E+01
  0.90730166E-01 -0.34599437E+01
  0.10081130E+00 -0.34903722E+01
  0.11089243E+00 -0.35226680E+01
  0.12097356E+00 -0.35565645E+01
  0.13105468E+00 -0.35918105E+01
  0.14113581E+00 -0.36281725E+01
  0.15121694E+00 -0.36654361E+01
  0.16129807E+00 -0.37034065E+01
  0.17137920E+00 -0.37419081E+01
  0.18146033E+00 -0.37807841E+01
  0.19154146E+00 -0.38198956E+01
  0.20162259E+00 -0.38591205E+01
  0.21170372E+00 -0.38983523E+01
  0.22178485E+00 -0.39374989E+01
  0.23186598E+00 -0.39764814E+01
  0.24194711E+00 -0.40152328E+01
  0.25202824E+00 -0.40536972E+01
  0.26210937E+00 -0.40918282E+01
  0.27219050E+00 -0.41295884E+01
  0.28227163E+00 -0.41669479E+01
  0.29235276E+00 -0.42038839E+01
  0.30243389E+00 -0.42403798E+01
  0.31251502E+00 -0.42764241E+01
  0.32259615E+00 -0.43120101E+01
  0.33267728E+00 -0.43471348E+01
  0.34275841E+00 -0.43817989E+01
  0.35283954E+00 -0.44160056E+01
  0.36292067E+00 -0.44497605E+01
  0.37300179E+00 -0.44830709E+01
  0.38308292E+00 -0.45159457E+01
  0.39316405E+00 -0.45483945E+01
  0.40324518E+00 -0.45804277E+01
  0.41332631E+00 -0.46120559E+01
  0.42340744E+00 -0.46432897E+01
  0.43348857E+00 -0.46741396E+01
  0.44356970E+00 -0.47046153E+01
  0.45365083E+00 -0.47347260E+01
  0.46373196E+00 -0.47644802E+01
  0.47381309E+00 -0.47938850E+01
  0.48389422E+00 -0.48229466E+01
  0.49397535E+00 -0.48516701E+01
  0.50405648E+00 -0.48800589E+01
  0.51413761E+00 -0.49081155E+01
  0.52421874E+00 -0.49358406E+01
  0.53429987E+00 -0.49632337E+01
  0.54438100E+00 -0.49902930E+01
  0.55446213E+00 -0.50170150E+01
  0.56454326E+00 -0.50433951E+01
  0.57462439E+00 -0.50694274E+01
  0.58470552E+00 -0.50951047E+01
  0.59478665E+00 -0.51204185E+01
  0.60486778E+00 -0.51453595E+01
  0.61494890E+00 -0.51699172E+01
  0.62503003E+00 -0.51940802E+01
  0.63511116E+00 -0.52178364E+01
  0.64519229E+00 -0.52411729E+01
  0.65527342E+00 -0.52640763E+01
  0.66535455E+00 -0.52865326E+01
  0.67543568E+00 -0.53085274E+01
  0.68551681E+00 -0.53300463E+01
  0.69559794E+00 -0.53510743E+01
  0.70567907E+00 -0.53715967E+01
  0.71576020E+00 -0.53915985E+01
  0.72584133E+00 -0.54110651E+01
  0.73592246E+00 -0.54299818E+01
  0.74600359E+00 -0.54483343E+01
  0.75608472E+00 -0.54661087E+01
  0.76616585E+00 -0.54832913E+01
  0.77624698E+00 -0.54998692E+01
  0.78632811E+00 -0.55158295E+01
  0.79640924E+00 -0.55311602E+01
  0.80649037E+00 -0.55458498E+01
  0.81657150E+00 -0.55598874E+01
  0.82665263E+00 -0.55732626E+01
  0.83673376E+00 -0.55859657E+01
  0.84681489E+00 -0.55979877E+01
  0.85689601E+00 -0.56093203E+01
  0.86697714E+00 -0.56199554E+01
  0.87705827E+00 -0.56298862E+01
  0.88713940E+00 -0.56391059E+01
  0.89722053E+00 -0.56476086E+01
  0.90730166E+00 -0.56553889E+01
  0.91738279E+00 -0.56624421E+01
  0.92746392E+00 -0.56687638E+01
  0.93754505E+00 -0.56743503E+01
  0.94762618E+00 -0.56791983E+01
  0.95770731E+00 -0.56833051E+01
  0.96778844E+00 -0.56866682E+01
  0.97786957E+00 -0.56892860E+01
  0.98795070E+00 -0.56911568E+01
  0.99803183E+00 -0.56922797E+01
  0.10081130E+01 -0.56926541E+01
  0.10182353E+01 -0.56922766E+01
  0.10283576E+01 -0.56911446E+01
  0.10384800E+01 -0.56892589E+01
  0.10486023E+01 -0.56866209E+01
  0.10587246E+01 -0.56832324E+01
  0.10688470E+01 -0.56790962E+01
  0.10789693E+01 -0.56742151E+01
  0.10890916E+01 -0.56685929E+01
  0.10992140E+01 -0.56622335E+01
  0.11093363E+01 -0.56551415E+01
  0.11194586E+01 -0.56473221E+01
  0.11295810E+01 -0.56387807E+01
  0.11397033E+01 -0.56295232E+01
  0.11498257E+01 -0.56195562E+01
  0.11599480E+01 -0.56088862E+01
  0.11700703E+01 -0.55975204E+01
  0.11801927E+01 -0.55854662E+01
  0.11903150E+01 -0.55727312E+01
  0.12004373E+01 -0.55593233E+01
  0.12105597E+01 -0.55452506E+01
  0.12206820E+01 -0.55305213E+01
  0.12308043E+01 -0.55151438E+01
  0.12409267E+01 -0.54991264E+01
  0.12510490E+01 -0.54824775E+01
  0.12611713E+01 -0.54652054E+01
  0.12712937E+01 -0.54473183E+01
  0.12814160E+01 -0.54288243E+01
  0.12915384E+01 -0.54097310E+01
  0.13016607E+01 -0.53900461E+01
  0.13117830E+01 -0.53697766E+01
  0.13219054E+01 -0.53489295E+01
  0.13320277E+01 -0.53275111E+01
  0.13421500E+01 -0.53055272E+01
  0.13522724E+01 -0.52829831E+01
  0.13623947E+01 -0.52598835E+01
  0.13725170E+01 -0.52362326E+01
  0.13826394E+01 -0.52120338E+01
  0.13927617E+01 -0.51872897E+01
  0.14028840E+01 -0.51620025E+01
  0.14130064E+01 -0.51361733E+01
  0.14231287E+01 -0.51098025E+01
  0.14332510E+01 -0.50828900E+01
  0.14433734E+01 -0.50554346E+01
  0.14534957E+01 -0.50274345E+01
  0.14636181E+01 -0.49988871E+01
  0.14737404E+01 -0.49697889E+01
  0.14838627E+01 -0.49401359E+01
  0.14939851E+01 -0.49099233E+01
  0.15041074E+01 -0.48791457E+01
  0.15142297E+01 -0.48477971E+01
  0.15243521E+01 -0.48158710E+01
  0.15344744E+01 -0.47833602E+01
  0.15445967E+01 -0.47502574E+01
  0.15547191E+01 -0.47165546E+01
  0.15648414E+01 -0.46822439E+01
  0.15749637E+01 -0.46473170E+01
  0.15850861E+01 -0.46117654E+01
  0.15952084E+01 -0.45755808E+01
  0.16053307E+01 -0.45387548E+01
  0.16154531E+01 -0.45012794E+01
  0.16255754E+01 -0.44631464E+01
  0.16356978E+01 -0.44243485E+01
  0.16458201E+01 -0.43848782E+01
  0.16559424E+01 -0.43447290E+01
  0.16660648E+01 -0.43038948E+01
  0.16761871E+01 -0.42623700E+01
  0.16863094E+01 -0.42201500E+01
  0.16964318E+01 -0.41772309E+01
  0.17065541E+01 -0.41336094E+01
  0.17166764E+01 -0.40892835E+01
  0.17267988E+01 -0.40442518E+01
  0.17369211E+01 -0.39985142E+01
  0.17470434E+01 -0.39520712E+01
  0.17571658E+01 -0.39049247E+01
  0.17672881E+01 -0.38570774E+01
  0.17774105E+01 -0.38085332E+01
  0.17875328E+01 -0.37592969E+01
  0.17976551E+01 -0.37093743E+01
  0.18077775E+01 -0.36587723E+01
  0.18178998E+01 -0.36074988E+01
  0.18280221E+01 -0.35555623E+01
  0.18381445E+01 -0.35029725E+01
  0.18482668E+01 -0.34497398E+01
  0.18583891E+01 -0.33958753E+01
  0.18685115E+01 -0.33413909E+01
  0.18786338E+01 -0.32862989E+01
  0.18887561E+01 -0.32306124E+01
  0.18988785E+01 -0.31743448E+01
  0.19090008E+01 -0.31175097E+01
  0.19191231E+01 -0.30601212E+01
  0.19292455E+01 -0.30021936E+01
  0.19393678E+01 -0.29437411E+01
  0.19494902E+01 -0.28847779E+01
  0.19596125E+01 -0.28253183E+01
  0.19697348E+01 -0.27653762E+01
  0.19798572E+01 -0.27049651E+01
  0.19899795E+01 -0.26440985E+01
  0.20001018E+01 -0.25827890E+01
  0.20102242E+01 -0.25210489E+01
  0.20203465E+01 -0.24588898E+01
  0.20304688E+01 -0.23963225E+01
  0.20405912E+01 -0.23333570E+01
  0.20507135E+01 -0.22700027E+01
  0.20608358E+01 -0.22062678E+01
  0.20709582E+01 -0.21421598E+01
  0.20810805E+01 -0.20776851E+01
  0.20912029E+01 -0.20128490E+01
  0.21013252E+01 -0.19476562E+01
  0.21114475E+01 -0.18821099E+01
  0.21215699E+01 -0.18162126E+01
  0.21316922E+01 -0.17499658E+01
  0.21418145E+01 -0.16833701E+01
  0.21519369E+01 -0.16164251E+01
  0.21620592E+01 -0.15491297E+01
  0.21721815E+01 -0.14814821E+01
  
  0.00000000E+00 -0.66184724E+00
  0.10081130E-01 -0.65899937E+00
  0.20162259E-01 -0.65048915E+00
  0.30243389E-01 -0.63641494E+00
  0.40324518E-01 -0.61693496E+00
  0.50405648E-01 -0.59225946E+00
  0.60486778E-01 -0.56264106E+00
  0.70567907E-01 -0.52836425E+00
  0.80649037E-01 -0.48973494E+00
  0.90730166E-01 -0.44707083E+00
  0.10081130E+00 -0.40069298E+00
  0.11089243E+00 -0.35091895E+00
  0.12097356E+00 -0.29805745E+00
  0.13105468E+00 -0.24240438E+00
  0.14113581E+00 -0.18424019E+00
  0.15121694E+00 -0.12382822E+00
  0.16129807E+00 -0.61413898E-01
  0.17137920E+00  0.27755460E-02
  0.18146033E+00  0.68530846E-01
  0.19154146E+00  0.13566023E+00
  0.20162259E+00  0.20398873E+00
  0.21170372E+00  0.27335746E+00
  0.22178485E+00  0.34362274E+00
  0.23186598E+00  0.41465531E+00
  0.24194711E+00  0.48633954E+00
  0.25202824E+00  0.55857261E+00
  0.26210937E+00  0.63126384E+00
  0.27219050E+00  0.70433399E+00
  0.28227163E+00  0.77771460E+00
  0.29235276E+00  0.85134741E+00
  0.30243389E+00  0.92518381E+00
  0.31251502E+00  0.99918426E+00
  0.32259615E+00  0.10733178E+01
  0.33267728E+00  0.11475616E+01
  0.34275841E+00  0.12219004E+01
  0.35283954E+00  0.12963261E+01
  0.36292067E+00  0.13708373E+01
  0.37300179E+00  0.14454388E+01
  0.38308292E+00  0.15201411E+01
  0.39316405E+00  0.15949602E+01
  0.40324518E+00  0.16699168E+01
  0.41332631E+00  0.17450360E+01
  0.42340744E+00  0.18203467E+01
  0.43348857E+00  0.18958814E+01
  0.44356970E+00  0.19716754E+01
  0.45365083E+00  0.20477666E+01
  0.46373196E+00  0.21241948E+01
  0.47381309E+00  0.22010011E+01
  0.48389422E+00  0.22782277E+01
  0.49397535E+00  0.23559174E+01
  0.50405648E+00  0.24341129E+01
  0.51413761E+00  0.25128562E+01
  0.52421874E+00  0.25921887E+01
  0.53429987E+00  0.26721499E+01
  0.54438100E+00  0.27527778E+01
  0.55446213E+00  0.28341077E+01
  0.56454326E+00  0.29161722E+01
  0.57462439E+00  0.29990007E+01
  0.58470552E+00  0.30826188E+01
  0.59478665E+00  0.31670480E+01
  0.60486778E+00  0.32523055E+01
  0.61494890E+00  0.33384035E+01
  0.62503003E+00  0.34253490E+01
  0.63511116E+00  0.35131435E+01
  0.64519229E+00  0.36017823E+01
  0.65527342E+00  0.36912548E+01
  0.66535455E+00  0.37815436E+01
  0.67543568E+00  0.38726242E+01
  0.68551681E+00  0.39644649E+01
  0.69559794E+00  0.40570263E+01
  0.70567907E+00  0.41502608E+01
  0.71576020E+00  0.42441122E+01
  0.72584133E+00  0.43385152E+01
  0.73592246E+00  0.44333950E+01
  0.74600359E+00  0.45286661E+01
  0.75608472E+00  0.46242322E+01
  0.76616585E+00  0.47199850E+01
  0.77624698E+00  0.48158030E+01
  0.78632811E+00  0.49115504E+01
  0.79640924E+00  0.50070757E+01
  0.80649037E+00  0.51022099E+01
  0.81657150E+00  0.51967644E+01
  0.82665263E+00  0.52905285E+01
  0.83673376E+00  0.53832673E+01
  0.84681489E+00  0.54747175E+01
  0.85689601E+00  0.55645849E+01
  0.86697714E+00  0.56525396E+01
  0.87705827E+00  0.57382126E+01
  0.88713940E+00  0.58211910E+01
  0.89722053E+00  0.59010142E+01
  0.90730166E+00  0.59771710E+01
  0.91738279E+00  0.60490976E+01
  0.92746392E+00  0.61161793E+01
  0.93754505E+00  0.61777555E+01
  0.94762618E+00  0.62331309E+01
  0.95770731E+00  0.62815933E+01
  0.96778844E+00  0.63224403E+01
  0.97786957E+00  0.63550133E+01
  0.98795070E+00  0.63787375E+01
  0.99803183E+00  0.63931639E+01
  0.10081130E+01  0.63980055E+01
  0.10182353E+01  0.63956165E+01
  0.10283576E+01  0.63884700E+01
  0.10384800E+01  0.63766273E+01
  0.10486023E+01  0.63601881E+01
  0.10587246E+01  0.63392867E+01
  0.10688470E+01  0.63140873E+01
  0.10789693E+01  0.62847787E+01
  0.10890916E+01  0.62515689E+01
  0.10992140E+01  0.62146791E+01
  0.11093363E+01  0.61743388E+01
  0.11194586E+01  0.61307807E+01
  0.11295810E+01  0.60842366E+01
  0.11397033E+01  0.60349340E+01
  0.11498257E+01  0.59830937E+01
  0.11599480E+01  0.59289271E+01
  0.11700703E+01  0.58726350E+01
  0.11801927E+01  0.58144068E+01
  0.11903150E+01  0.57544197E+01
  0.12004373E+01  0.56928384E+01
  0.12105597E+01  0.56298154E+01
  0.12206820E+01  0.55654913E+01
  0.12308043E+01  0.54999948E+01
  0.12409267E+01  0.54334437E+01
  0.12510490E+01  0.53659449E+01
  0.12611713E+01  0.52975955E+01
  0.12712937E+01  0.52284834E+01
  0.12814160E+01  0.51586874E+01
  0.12915384E+01  0.50882784E+01
  0.13016607E+01  0.50173197E+01
  0.13117830E+01  0.49458677E+01
  0.13219054E+01  0.48739722E+01
  0.13320277E+01  0.48016773E+01
  0.13421500E+01  0.47290216E+01
  0.13522724E+01  0.46560388E+01
  0.13623947E+01  0.45827580E+01
  0.13725170E+01  0.45092044E+01
  0.13826394E+01  0.44353995E+01
  0.13927617E+01  0.43613614E+01
  0.14028840E+01  0.42871054E+01
  0.14130064E+01  0.42126439E+01
  0.14231287E+01  0.41379873E+01
  0.14332510E+01  0.40631439E+01
  0.14433734E+01  0.39881202E+01
  0.14534957E+01  0.39129213E+01
  0.14636181E+01  0.38375509E+01
  0.14737404E+01  0.37620119E+01
  0.14838627E+01  0.36863062E+01
  0.14939851E+01  0.36104352E+01
  0.15041074E+01  0.35343997E+01
  0.15142297E+01  0.34582002E+01
  0.15243521E+01  0.33818373E+01
  0.15344744E+01  0.33053112E+01
  0.15445967E+01  0.32286224E+01
  0.15547191E+01  0.31517716E+01
  0.15648414E+01  0.30747596E+01
  0.15749637E+01  0.29975878E+01
  0.15850861E+01  0.29202578E+01
  0.15952084E+01  0.28427718E+01
  0.16053307E+01  0.27651325E+01
  0.16154531E+01  0.26873433E+01
  0.16255754E+01  0.26094082E+01
  0.16356978E+01  0.25313317E+01
  0.16458201E+01  0.24531191E+01
  0.16559424E+01  0.23747767E+01
  0.16660648E+01  0.22963111E+01
  0.16761871E+01  0.22177301E+01
  0.16863094E+01  0.21390420E+01
  0.16964318E+01  0.20602562E+01
  0.17065541E+01  0.19813827E+01
  0.17166764E+01  0.19024325E+01
  0.17267988E+01  0.18234174E+01
  0.17369211E+01  0.17443501E+01
  0.17470434E+01  0.16652441E+01
  0.17571658E+01  0.15861136E+01
  0.17672881E+01  0.15069740E+01
  0.17774105E+01  0.14278411E+01
  0.17875328E+01  0.13487316E+01
  0.17976551E+01  0.12696629E+01
  0.18077775E+01  0.11906529E+01
  0.18178998E+01  0.11117202E+01
  0.18280221E+01  0.10328836E+01
  0.18381445E+01  0.95416256E+00
  0.18482668E+01  0.87557658E+00
  0.18583891E+01  0.79714531E+00
  0.18685115E+01  0.71888841E+00
  0.18786338E+01  0.64082537E+00
  0.18887561E+01  0.56297541E+00
  0.18988785E+01  0.48535733E+00
  0.19090008E+01  0.40798934E+00
  0.19191231E+01  0.33088897E+00
  0.19292455E+01  0.25407290E+00
  0.19393678E+01  0.17755687E+00
  0.19494902E+01  0.10135555E+00
  0.19596125E+01  0.25482447E-01
  0.19697348E+01 -0.50050161E-01
  0.19798572E+01 -0.12523131E+00
  0.19899795E+01 -0.20005138E+00
  0.20001018E+01 -0.27450214E+00
  0.20102242E+01 -0.34857672E+00
  0.20203465E+01 -0.42226963E+00
  0.20304688E+01 -0.49557671E+00
  0.20405912E+01 -0.56849507E+00
  0.20507135E+01 -0.64102304E+00
  0.20608358E+01 -0.71316008E+00
  0.20709582E+01 -0.78490666E+00
  0.20810805E+01 -0.85626417E+00
  0.20912029E+01 -0.92723476E+00
  0.21013252E+01 -0.99782128E+00
  0.21114475E+01 -0.10680270E+01
  0.21215699E+01 -0.11378558E+01
  0.21316922E+01 -0.12073114E+01
  0.21418145E+01 -0.12763980E+01
  0.21519369E+01 -0.13451195E+01
  0.21620592E+01 -0.14134797E+01
  0.21721815E+01 -0.14814821E+01
  
  0.00000000E+00  0.51812141E+01
  0.10081130E-01  0.51815400E+01
  0.20162259E-01  0.51825164E+01
  0.30243389E-01  0.51841393E+01
  0.40324518E-01  0.51864024E+01
  0.50405648E-01  0.51892966E+01
  0.60486778E-01  0.51928103E+01
  0.70567907E-01  0.51969298E+01
  0.80649037E-01  0.52016389E+01
  0.90730166E-01  0.52069192E+01
  0.10081130E+00  0.52127503E+01
  0.11089243E+00  0.52191098E+01
  0.12097356E+00  0.52259738E+01
  0.13105468E+00  0.52333166E+01
  0.14113581E+00  0.52411112E+01
  0.15121694E+00  0.52493293E+01
  0.16129807E+00  0.52579419E+01
  0.17137920E+00  0.52669191E+01
  0.18146033E+00  0.52762304E+01
  0.19154146E+00  0.52858451E+01
  0.20162259E+00  0.52957327E+01
  0.21170372E+00  0.53058626E+01
  0.22178485E+00  0.53162049E+01
  0.23186598E+00  0.53267303E+01
  0.24194711E+00  0.53374106E+01
  0.25202824E+00  0.53482186E+01
  0.26210937E+00  0.53591289E+01
  0.27219050E+00  0.53701173E+01
  0.28227163E+00  0.53811620E+01
  0.29235276E+00  0.53922428E+01
  0.30243389E+00  0.54033420E+01
  0.31251502E+00  0.54144443E+01
  0.32259615E+00  0.54255368E+01
  0.33267728E+00  0.54366093E+01
  0.34275841E+00  0.54476544E+01
  0.35283954E+00  0.54586675E+01
  0.36292067E+00  0.54696466E+01
  0.37300179E+00  0.54805930E+01
  0.38308292E+00  0.54915103E+01
  0.39316405E+00  0.55024052E+01
  0.40324518E+00  0.55132872E+01
  0.41332631E+00  0.55241679E+01
  0.42340744E+00  0.55350620E+01
  0.43348857E+00  0.55459861E+01
  0.44356970E+00  0.55569590E+01
  0.45365083E+00  0.55680015E+01
  0.46373196E+00  0.55791361E+01
  0.47381309E+00  0.55903867E+01
  0.48389422E+00  0.56017786E+01
  0.49397535E+00  0.56133376E+01
  0.50405648E+00  0.56250906E+01
  0.51413761E+00  0.56370644E+01
  0.52421874E+00  0.56492861E+01
  0.53429987E+00  0.56617823E+01
  0.54438100E+00  0.56745790E+01
  0.55446213E+00  0.56877012E+01
  0.56454326E+00  0.57011726E+01
  0.57462439E+00  0.57150152E+01
  0.58470552E+00  0.57292492E+01
  0.59478665E+00  0.57438923E+01
  0.60486778E+00  0.57589599E+01
  0.61494890E+00  0.57744642E+01
  0.62503003E+00  0.57904145E+01
  0.63511116E+00  0.58068166E+01
  0.64519229E+00  0.58236727E+01
  0.65527342E+00  0.58409809E+01
  0.66535455E+00  0.58587356E+01
  0.67543568E+00  0.58769264E+01
  0.68551681E+00  0.58955388E+01
  0.69559794E+00  0.59145537E+01
  0.70567907E+00  0.59339470E+01
  0.71576020E+00  0.59536900E+01
  0.72584133E+00  0.59737490E+01
  0.73592246E+00  0.59940854E+01
  0.74600359E+00  0.60146554E+01
  0.75608472E+00  0.60354105E+01
  0.76616585E+00  0.60562972E+01
  0.77624698E+00  0.60772571E+01
  0.78632811E+00  0.60982270E+01
  0.79640924E+00  0.61191390E+01
  0.80649037E+00  0.61399212E+01
  0.81657150E+00  0.61604970E+01
  0.82665263E+00  0.61807863E+01
  0.83673376E+00  0.62007055E+01
  0.84681489E+00  0.62201677E+01
  0.85689601E+00  0.62390837E+01
  0.86697714E+00  0.62573622E+01
  0.87705827E+00  0.62749107E+01
  0.88713940E+00  0.62916363E+01
  0.89722053E+00  0.63074463E+01
  0.90730166E+00  0.63222495E+01
  0.91738279E+00  0.63359570E+01
  0.92746392E+00  0.63484835E+01
  0.93754505E+00  0.63597483E+01
  0.94762618E+00  0.63696765E+01
  0.95770731E+00  0.63782003E+01
  0.96778844E+00  0.63852600E+01
  0.97786957E+00  0.63908051E+01
  0.98795070E+00  0.63947954E+01
  0.99803183E+00  0.63972015E+01
  0.10081130E+01  0.63980055E+01
  0.10182353E+01  0.63959474E+01
  0.10283576E+01  0.63898014E+01
  0.10384800E+01  0.63796522E+01
  0.10486023E+01  0.63656355E+01
  0.10587246E+01  0.63479319E+01
  0.10688470E+01  0.63267588E+01
  0.10789693E+01  0.63023611E+01
  0.10890916E+01  0.62750023E+01
  0.10992140E+01  0.62449563E+01
  0.11093363E+01  0.62124998E+01
  0.11194586E+01  0.61779062E+01
  0.11295810E+01  0.61414411E+01
  0.11397033E+01  0.61033587E+01
  0.11498257E+01  0.60638989E+01
  0.11599480E+01  0.60232864E+01
  0.11700703E+01  0.59817296E+01
  0.11801927E+01  0.59394206E+01
  0.11903150E+01  0.58965352E+01
  0.12004373E+01  0.58532334E+01
  0.12105597E+01  0.58096602E+01
  0.12206820E+01  0.57659465E+01
  0.12308043E+01  0.57222094E+01
  0.12409267E+01  0.56785539E+01
  0.12510490E+01  0.56350727E+01
  0.12611713E+01  0.55918481E+01
  0.12712937E+01  0.55489519E+01
  0.12814160E+01  0.55064466E+01
  0.12915384E+01  0.54643858E+01
  0.13016607E+01  0.54228153E+01
  0.13117830E+01  0.53817732E+01
  0.13219054E+01  0.53412905E+01
  0.13320277E+01  0.53013922E+01
  0.13421500E+01  0.52620971E+01
  0.13522724E+01  0.52234185E+01
  0.13623947E+01  0.51853650E+01
  0.13725170E+01  0.51479406E+01
  0.13826394E+01  0.51111449E+01
  0.13927617E+01  0.50749741E+01
  0.14028840E+01  0.50394207E+01
  0.14130064E+01  0.50044746E+01
  0.14231287E+01  0.49701229E+01
  0.14332510E+01  0.49363502E+01
  0.14433734E+01  0.49031394E+01
  0.14534957E+01  0.48704719E+01
  0.14636181E+01  0.48383274E+01
  0.14737404E+01  0.48066849E+01
  0.14838627E+01  0.47755225E+01
  0.14939851E+01  0.47448179E+01
  0.15041074E+01  0.47145488E+01
  0.15142297E+01  0.46846926E+01
  0.15243521E+01  0.46552271E+01
  0.15344744E+01  0.46261309E+01
  0.15445967E+01  0.45973830E+01
  0.15547191E+01  0.45689634E+01
  0.15648414E+01  0.45408530E+01
  0.15749637E+01  0.45130343E+01
  0.15850861E+01  0.44854909E+01
  0.15952084E+01  0.44582078E+01
  0.16053307E+01  0.44311717E+01
  0.16154531E+01  0.44043711E+01
  0.16255754E+01  0.43777960E+01
  0.16356978E+01  0.43514383E+01
  0.16458201E+01  0.43252916E+01
  0.16559424E+01  0.42993514E+01
  0.16660648E+01  0.42736152E+01
  0.16761871E+01  0.42480821E+01
  0.16863094E+01  0.42227530E+01
  0.16964318E+01  0.41976307E+01
  0.17065541E+01  0.41727195E+01
  0.17166764E+01  0.41480256E+01
  0.17267988E+01  0.41235565E+01
  0.17369211E+01  0.40993213E+01
  0.17470434E+01  0.40753307E+01
  0.17571658E+01  0.40515962E+01
  0.17672881E+01  0.40281310E+01
  0.17774105E+01  0.40049491E+01
  0.17875328E+01  0.39820654E+01
  0.17976551E+01  0.39594960E+01
  0.18077775E+01  0.39372573E+01
  0.18178998E+01  0.39153666E+01
  0.18280221E+01  0.38938416E+01
  0.18381445E+01  0.38727005E+01
  0.18482668E+01  0.38519615E+01
  0.18583891E+01  0.38316433E+01
  0.18685115E+01  0.38117644E+01
  0.18786338E+01  0.37923434E+01
  0.18887561E+01  0.37733986E+01
  0.18988785E+01  0.37549483E+01
  0.19090008E+01  0.37370103E+01
  0.19191231E+01  0.37196020E+01
  0.19292455E+01  0.37027405E+01
  0.19393678E+01  0.36864422E+01
  0.19494902E+01  0.36707232E+01
  0.19596125E+01  0.36555985E+01
  0.19697348E+01  0.36410830E+01
  0.19798572E+01  0.36271905E+01
  0.19899795E+01  0.36139343E+01
  0.20001018E+01  0.36013269E+01
  0.20102242E+01  0.35893799E+01
  0.20203465E+01  0.35781044E+01
  0.20304688E+01  0.35675107E+01
  0.20405912E+01  0.35576081E+01
  0.20507135E+01  0.35484054E+01
  0.20608358E+01  0.35399107E+01
  0.20709582E+01  0.35321311E+01
  0.20810805E+01  0.35250733E+01
  0.20912029E+01  0.35187431E+01
  0.21013252E+01  0.35131457E+01
  0.21114475E+01  0.35082856E+01
  0.21215699E+01  0.35041668E+01
  0.21316922E+01  0.35007924E+01
  0.21418145E+01  0.34981652E+01
  0.21519369E+01  0.34962871E+01
  0.21620592E+01  0.34951597E+01
  0.21721815E+01  0.34947838E+01
  
  0.00000000E+00  0.51812141E+01
  0.10081130E-01  0.51815400E+01
  0.20162259E-01  0.51825164E+01
  0.30243389E-01  0.51841393E+01
  0.40324518E-01  0.51864024E+01
  0.50405648E-01  0.51892966E+01
  0.60486778E-01  0.51928103E+01
  0.70567907E-01  0.51969298E+01
  0.80649037E-01  0.52016389E+01
  0.90730166E-01  0.52069192E+01
  0.10081130E+00  0.52127503E+01
  0.11089243E+00  0.52191098E+01
  0.12097356E+00  0.52259738E+01
  0.13105468E+00  0.52333166E+01
  0.14113581E+00  0.52411112E+01
  0.15121694E+00  0.52493293E+01
  0.16129807E+00  0.52579419E+01
  0.17137920E+00  0.52669191E+01
  0.18146033E+00  0.52762304E+01
  0.19154146E+00  0.52858452E+01
  0.20162259E+00  0.52957327E+01
  0.21170372E+00  0.53058626E+01
  0.22178485E+00  0.53162049E+01
  0.23186598E+00  0.53267303E+01
  0.24194711E+00  0.53374106E+01
  0.25202824E+00  0.53482186E+01
  0.26210937E+00  0.53591289E+01
  0.27219050E+00  0.53701174E+01
  0.28227163E+00  0.53811620E+01
  0.29235276E+00  0.53922428E+01
  0.30243389E+00  0.54033420E+01
  0.31251502E+00  0.54144443E+01
  0.32259615E+00  0.54255368E+01
  0.33267728E+00  0.54366093E+01
  0.34275841E+00  0.54476544E+01
  0.35283954E+00  0.54586675E+01
  0.36292067E+00  0.54696467E+01
  0.37300179E+00  0.54805930E+01
  0.38308292E+00  0.54915103E+01
  0.39316405E+00  0.55024053E+01
  0.40324518E+00  0.55132872E+01
  0.41332631E+00  0.55241679E+01
  0.42340744E+00  0.55350620E+01
  0.43348857E+00  0.55459861E+01
  0.44356970E+00  0.55569590E+01
  0.45365083E+00  0.55680015E+01
  0.46373196E+00  0.55791361E+01
  0.47381309E+00  0.55903867E+01
  0.48389422E+00  0.56017786E+01
  0.49397535E+00  0.56133376E+01
  0.50405648E+00  0.56250906E+01
  0.51413761E+00  0.56370644E+01
  0.52421874E+00  0.56492861E+01
  0.53429987E+00  0.56617823E+01
  0.54438100E+00  0.56745790E+01
  0.55446213E+00  0.56877012E+01
  0.56454326E+00  0.57011726E+01
  0.57462439E+00  0.57150152E+01
  0.58470552E+00  0.57292492E+01
  0.59478665E+00  0.57438923E+01
  0.60486778E+00  0.57589599E+01
  0.61494890E+00  0.57744642E+01
  0.62503003E+00  0.57904145E+01
  0.63511116E+00  0.58068166E+01
  0.64519229E+00  0.58236727E+01
  0.65527342E+00  0.58409809E+01
  0.66535455E+00  0.58587356E+01
  0.67543568E+00  0.58769264E+01
  0.68551681E+00  0.58955389E+01
  0.69559794E+00  0.59145537E+01
  0.70567907E+00  0.59339470E+01
  0.71576020E+00  0.59536900E+01
  0.72584133E+00  0.59737490E+01
  0.73592246E+00  0.59940854E+01
  0.74600359E+00  0.60146554E+01
  0.75608472E+00  0.60354105E+01
  0.76616585E+00  0.60562973E+01
  0.77624698E+00  0.60772571E+01
  0.78632811E+00  0.60982270E+01
  0.79640924E+00  0.61191390E+01
  0.80649037E+00  0.61399212E+01
  0.81657150E+00  0.61604970E+01
  0.82665263E+00  0.61807863E+01
  0.83673376E+00  0.62007055E+01
  0.84681489E+00  0.62201677E+01
  0.85689601E+00  0.62390837E+01
  0.86697714E+00  0.62573622E+01
  0.87705827E+00  0.62749107E+01
  0.88713940E+00  0.62916363E+01
  0.89722053E+00  0.63074463E+01
  0.90730166E+00  0.63222495E+01
  0.91738279E+00  0.63359570E+01
  0.92746392E+00  0.63484835E+01
  0.93754505E+00  0.63597483E+01
  0.94762618E+00  0.63696765E+01
  0.95770731E+00  0.63782003E+01
  0.96778844E+00  0.63852600E+01
  0.97786957E+00  0.63908051E+01
  0.98795070E+00  0.63947954E+01
  0.99803183E+00  0.63972015E+01
  0.10081130E+01  0.63980055E+01
  0.10182353E+01  0.63959474E+01
  0.10283576E+01  0.63898014E+01
  0.10384800E+01  0.63796522E+01
  0.10486023E+01  0.63656355E+01
  0.10587246E+01  0.63479319E+01
  0.10688470E+01  0.63267588E+01
  0.10789693E+01  0.63023611E+01
  0.10890916E+01  0.62750024E+01
  0.10992140E+01  0.62449563E+01
  0.11093363E+01  0.62124998E+01
  0.11194586E+01  0.61779062E+01
  0.11295810E+01  0.61414411E+01
  0.11397033E+01  0.61033587E+01
  0.11498257E+01  0.60638989E+01
  0.11599480E+01  0.60232864E+01
  0.11700703E+01  0.59817296E+01
  0.11801927E+01  0.59394206E+01
  0.11903150E+01  0.58965352E+01
  0.12004373E+01  0.58532334E+01
  0.12105597E+01  0.58096602E+01
  0.12206820E+01  0.57659465E+01
  0.12308043E+01  0.57222094E+01
  0.12409267E+01  0.56785539E+01
  0.12510490E+01  0.56350727E+01
  0.12611713E+01  0.55918481E+01
  0.12712937E+01  0.55489519E+01
  0.12814160E+01  0.55064466E+01
  0.12915384E+01  0.54643859E+01
  0.13016607E+01  0.54228154E+01
  0.13117830E+01  0.53817732E+01
  0.13219054E+01  0.53412906E+01
  0.13320277E+01  0.53013922E+01
  0.13421500E+01  0.52620971E+01
  0.13522724E+01  0.52234185E+01
  0.13623947E+01  0.51853651E+01
  0.13725170E+01  0.51479406E+01
  0.13826394E+01  0.51111449E+01
  0.13927617E+01  0.50749741E+01
  0.14028840E+01  0.50394208E+01
  0.14130064E+01  0.50044747E+01
  0.14231287E+01  0.49701229E+01
  0.14332510E+01  0.49363502E+01
  0.14433734E+01  0.49031394E+01
  0.14534957E+01  0.48704719E+01
  0.14636181E+01  0.48383274E+01
  0.14737404E+01  0.48066849E+01
  0.14838627E+01  0.47755225E+01
  0.14939851E+01  0.47448179E+01
  0.15041074E+01  0.47145488E+01
  0.15142297E+01  0.46846926E+01
  0.15243521E+01  0.46552271E+01
  0.15344744E+01  0.46261309E+01
  0.15445967E+01  0.45973830E+01
  0.15547191E+01  0.45689634E+01
  0.15648414E+01  0.45408530E+01
  0.15749637E+01  0.45130343E+01
  0.15850861E+01  0.44854909E+01
  0.15952084E+01  0.44582078E+01
  0.16053307E+01  0.44311717E+01
  0.16154531E+01  0.44043711E+01
  0.16255754E+01  0.43777960E+01
  0.16356978E+01  0.43514383E+01
  0.16458201E+01  0.43252916E+01
  0.16559424E+01  0.42993514E+01
  0.16660648E+01  0.42736152E+01
  0.16761871E+01  0.42480821E+01
  0.16863094E+01  0.42227530E+01
  0.16964318E+01  0.41976307E+01
  0.17065541E+01  0.41727195E+01
  0.17166764E+01  0.41480256E+01
  0.17267988E+01  0.41235565E+01
  0.17369211E+01  0.40993213E+01
  0.17470434E+01  0.40753307E+01
  0.17571658E+01  0.40515962E+01
  0.17672881E+01  0.40281310E+01
  0.17774105E+01  0.40049491E+01
  0.17875328E+01  0.39820654E+01
  0.17976551E+01  0.39594960E+01
  0.18077775E+01  0.39372573E+01
  0.18178998E+01  0.39153666E+01
  0.18280221E+01  0.38938416E+01
  0.18381445E+01  0.38727005E+01
  0.18482668E+01  0.38519615E+01
  0.18583891E+01  0.38316433E+01
  0.18685115E+01  0.38117644E+01
  0.18786338E+01  0.37923434E+01
  0.18887561E+01  0.37733986E+01
  0.18988785E+01  0.37549483E+01
  0.19090008E+01  0.37370103E+01
  0.19191231E+01  0.37196020E+01
  0.19292455E+01  0.37027405E+01
  0.19393678E+01  0.36864422E+01
  0.19494902E+01  0.36707232E+01
  0.19596125E+01  0.36555985E+01
  0.19697348E+01  0.36410830E+01
  0.19798572E+01  0.36271905E+01
  0.19899795E+01  0.36139343E+01
  0.20001018E+01  0.36013269E+01
  0.20102242E+01  0.35893799E+01
  0.20203465E+01  0.35781044E+01
  0.20304688E+01  0.35675107E+01
  0.20405912E+01  0.35576081E+01
  0.20507135E+01  0.35484054E+01
  0.20608358E+01  0.35399107E+01
  0.20709582E+01  0.35321311E+01
  0.20810805E+01  0.35250733E+01
  0.20912029E+01  0.35187431E+01
  0.21013252E+01  0.35131457E+01
  0.21114475E+01  0.35082856E+01
  0.21215699E+01  0.35041668E+01
  0.21316922E+01  0.35007924E+01
  0.21418145E+01  0.34981652E+01
  0.21519369E+01  0.34962871E+01
  0.21620592E+01  0.34951597E+01
  0.21721815E+01  0.34947838E+01
  
  0.00000000E+00  0.80000126E+01
  0.10081130E-01  0.80001446E+01
  0.20162259E-01  0.80005417E+01
  0.30243389E-01  0.80012074E+01
  0.40324518E-01  0.80021471E+01
  0.50405648E-01  0.80033685E+01
  0.60486778E-01  0.80048810E+01
  0.70567907E-01  0.80066959E+01
  0.80649037E-01  0.80088260E+01
  0.90730166E-01  0.80112850E+01
  0.10081130E+00  0.80140881E+01
  0.11089243E+00  0.80172508E+01
  0.12097356E+00  0.80207891E+01
  0.13105468E+00  0.80247193E+01
  0.14113581E+00  0.80290575E+01
  0.15121694E+00  0.80338193E+01
  0.16129807E+00  0.80390199E+01
  0.17137920E+00  0.80446735E+01
  0.18146033E+00  0.80507934E+01
  0.19154146E+00  0.80573919E+01
  0.20162259E+00  0.80644797E+01
  0.21170372E+00  0.80720663E+01
  0.22178485E+00  0.80801598E+01
  0.23186598E+00  0.80887666E+01
  0.24194711E+00  0.80978918E+01
  0.25202824E+00  0.81075388E+01
  0.26210937E+00  0.81177097E+01
  0.27219050E+00  0.81284049E+01
  0.28227163E+00  0.81396237E+01
  0.29235276E+00  0.81513638E+01
  0.30243389E+00  0.81636218E+01
  0.31251502E+00  0.81763930E+01
  0.32259615E+00  0.81896717E+01
  0.33267728E+00  0.82034512E+01
  0.34275841E+00  0.82177238E+01
  0.35283954E+00  0.82324809E+01
  0.36292067E+00  0.82477132E+01
  0.37300179E+00  0.82634106E+01
  0.38308292E+00  0.82795623E+01
  0.39316405E+00  0.82961570E+01
  0.40324518E+00  0.83131827E+01
  0.41332631E+00  0.83306268E+01
  0.42340744E+00  0.83484762E+01
  0.43348857E+00  0.83667171E+01
  0.44356970E+00  0.83853354E+01
  0.45365083E+00  0.84043162E+01
  0.46373196E+00  0.84236440E+01
  0.47381309E+00  0.84433026E+01
  0.48389422E+00  0.84632753E+01
  0.49397535E+00  0.84835445E+01
  0.50405648E+00  0.85040916E+01
  0.51413761E+00  0.85248975E+01
  0.52421874E+00  0.85459417E+01
  0.53429987E+00  0.85672030E+01
  0.54438100E+00  0.85886588E+01
  0.55446213E+00  0.86102853E+01
  0.56454326E+00  0.86320574E+01
  0.57462439E+00  0.86539486E+01
  0.58470552E+00  0.86759307E+01
  0.59478665E+00  0.86979739E+01
  0.60486778E+00  0.87200464E+01
  0.61494890E+00  0.87421147E+01
  0.62503003E+00  0.87641428E+01
  0.63511116E+00  0.87860928E+01
  0.64519229E+00  0.88079242E+01
  0.65527342E+00  0.88295937E+01
  0.66535455E+00  0.88510552E+01
  0.67543568E+00  0.88722594E+01
  0.68551681E+00  0.88931537E+01
  0.69559794E+00  0.89136815E+01
  0.70567907E+00  0.89337821E+01
  0.71576020E+00  0.89533903E+01
  0.72584133E+00  0.89724354E+01
  0.73592246E+00  0.89908413E+01
  0.74600359E+00  0.90085252E+01
  0.75608472E+00  0.90253972E+01
  0.76616585E+00  0.90413590E+01
  0.77624698E+00  0.90563035E+01
  0.78632811E+00  0.90701132E+01
  0.79640924E+00  0.90826598E+01
  0.80649037E+00  0.90938031E+01
  0.81657150E+00  0.91033907E+01
  0.82665263E+00  0.91112589E+01
  0.83673376E+00  0.91172341E+01
  0.84681489E+00  0.91211372E+01
  0.85689601E+00  0.91227909E+01
  0.86697714E+00  0.91220310E+01
  0.87705827E+00  0.91157456E+01
  0.88713940E+00  0.90953392E+01
  0.89722053E+00  0.90761984E+01
  0.90730166E+00  0.90584031E+01
  0.91738279E+00  0.90420309E+01
  0.92746392E+00  0.90271559E+01
  0.93754505E+00  0.90138481E+01
  0.94762618E+00  0.90021721E+01
  0.95770731E+00  0.89921864E+01
  0.96778844E+00  0.89839425E+01
  0.97786957E+00  0.89774838E+01
  0.98795070E+00  0.89728451E+01
  0.99803183E+00  0.89700516E+01
  0.10081130E+01  0.89691187E+01
  0.10182353E+01  0.89683073E+01
  0.10283576E+01  0.89658813E+01
  0.10384800E+01  0.89618646E+01
  0.10486023E+01  0.89562944E+01
  0.10587246E+01  0.89492180E+01
  0.10688470E+01  0.89406889E+01
  0.10789693E+01  0.89307632E+01
  0.10890916E+01  0.89194967E+01
  0.10992140E+01  0.89069430E+01
  0.11093363E+01  0.88931516E+01
  0.11194586E+01  0.88781681E+01
  0.11295810E+01  0.88620335E+01
  0.11397033E+01  0.88447854E+01
  0.11498257E+01  0.88264580E+01
  0.11599480E+01  0.88070831E+01
  0.11700703E+01  0.87866908E+01
  0.11801927E+01  0.87653106E+01
  0.11903150E+01  0.87429712E+01
  0.12004373E+01  0.87197016E+01
  0.12105597E+01  0.86955314E+01
  0.12206820E+01  0.86704909E+01
  0.12308043E+01  0.86446115E+01
  0.12409267E+01  0.86179259E+01
  0.12510490E+01  0.85904679E+01
  0.12611713E+01  0.85622729E+01
  0.12712937E+01  0.85333776E+01
  0.12814160E+01  0.85038199E+01
  0.12915384E+01  0.84736390E+01
  0.13016607E+01  0.84428756E+01
  0.13117830E+01  0.84115712E+01
  0.13219054E+01  0.83797686E+01
  0.13320277E+01  0.83475114E+01
  0.13421500E+01  0.83148441E+01
  0.13522724E+01  0.82818120E+01
  0.13623947E+01  0.82484608E+01
  0.13725170E+01  0.82148369E+01
  0.13826394E+01  0.81809868E+01
  0.13927617E+01  0.81469574E+01
  0.14028840E+01  0.81127956E+01
  0.14130064E+01  0.80785485E+01
  0.14231287E+01  0.80442627E+01
  0.14332510E+01  0.80099848E+01
  0.14433734E+01  0.79757610E+01
  0.14534957E+01  0.79416368E+01
  0.14636181E+01  0.79076572E+01
  0.14737404E+01  0.78738666E+01
  0.14838627E+01  0.78403086E+01
  0.14939851E+01  0.78070256E+01
  0.15041074E+01  0.77740593E+01
  0.15142297E+01  0.77414501E+01
  0.15243521E+01  0.77092375E+01
  0.15344744E+01  0.76774596E+01
  0.15445967E+01  0.76461530E+01
  0.15547191E+01  0.76153533E+01
  0.15648414E+01  0.75850942E+01
  0.15749637E+01  0.75554083E+01
  0.15850861E+01  0.75263264E+01
  0.15952084E+01  0.74978775E+01
  0.16053307E+01  0.74700894E+01
  0.16154531E+01  0.74429875E+01
  0.16255754E+01  0.74165960E+01
  0.16356978E+01  0.73909368E+01
  0.16458201E+01  0.73660301E+01
  0.16559424E+01  0.73418942E+01
  0.16660648E+01  0.73185453E+01
  0.16761871E+01  0.72959976E+01
  0.16863094E+01  0.72742634E+01
  0.16964318E+01  0.72533526E+01
  0.17065541E+01  0.72332734E+01
  0.17166764E+01  0.72140315E+01
  0.17267988E+01  0.71956307E+01
  0.17369211E+01  0.71780726E+01
  0.17470434E+01  0.71613568E+01
  0.17571658E+01  0.71454808E+01
  0.17672881E+01  0.71304399E+01
  0.17774105E+01  0.71162276E+01
  0.17875328E+01  0.71028355E+01
  0.17976551E+01  0.70902532E+01
  0.18077775E+01  0.70784688E+01
  0.18178998E+01  0.70674686E+01
  0.18280221E+01  0.70572375E+01
  0.18381445E+01  0.70477593E+01
  0.18482668E+01  0.70390163E+01
  0.18583891E+01  0.70309901E+01
  0.18685115E+01  0.70236616E+01
  0.18786338E+01  0.70170110E+01
  0.18887561E+01  0.70110183E+01
  0.18988785E+01  0.70056636E+01
  0.19090008E+01  0.70009270E+01
  0.19191231E+01  0.69967895E+01
  0.19292455E+01  0.69932326E+01
  0.19393678E+01  0.69902389E+01
  0.19494902E+01  0.69877926E+01
  0.19596125E+01  0.69858794E+01
  0.19697348E+01  0.69844870E+01
  0.19798572E+01  0.69836054E+01
  0.19899795E+01  0.69832272E+01
  0.20001018E+01  0.69833476E+01
  0.20102242E+01  0.69839650E+01
  0.20203465E+01  0.69850812E+01
  0.20304688E+01  0.69867012E+01
  0.20405912E+01  0.69888338E+01
  0.20507135E+01  0.69914919E+01
  0.20608358E+01  0.69946922E+01
  0.20709582E+01  0.69984553E+01
  0.20810805E+01  0.70028065E+01
  0.20912029E+01  0.70077749E+01
  0.21013252E+01  0.70133940E+01
  0.21114475E+01  0.70197015E+01
  0.21215699E+01  0.70267392E+01
  0.21316922E+01  0.70345530E+01
  0.21418145E+01  0.70431927E+01
  0.21519369E+01  0.70527117E+01
  0.21620592E+01  0.70631671E+01
  0.21721815E+01  0.70746189E+01
  
  0.00000000E+00  0.97325355E+01
  0.10081130E-01  0.97331273E+01
  0.20162259E-01  0.97348991E+01
  0.30243389E-01  0.97378398E+01
  0.40324518E-01  0.97419314E+01
  0.50405648E-01  0.97471486E+01
  0.60486778E-01  0.97534592E+01
  0.70567907E-01  0.97608242E+01
  0.80649037E-01  0.97691984E+01
  0.90730166E-01  0.97785302E+01
  0.10081130E+00  0.97887622E+01
  0.11089243E+00  0.97998317E+01
  0.12097356E+00  0.98116708E+01
  0.13105468E+00  0.98242070E+01
  0.14113581E+00  0.98373636E+01
  0.15121694E+00  0.98510603E+01
  0.16129807E+00  0.98652136E+01
  0.17137920E+00  0.98797371E+01
  0.18146033E+00  0.98945423E+01
  0.19154146E+00  0.99095392E+01
  0.20162259E+00  0.99246364E+01
  0.21170372E+00  0.99397420E+01
  0.22178485E+00  0.99547639E+01
  0.23186598E+00  0.99696104E+01
  0.24194711E+00  0.99841906E+01
  0.25202824E+00  0.99984149E+01
  0.26210937E+00  0.10012196E+02
  0.27219050E+00  0.10025447E+02
  0.28227163E+00  0.10038087E+02
  0.29235276E+00  0.10050035E+02
  0.30243389E+00  0.10061214E+02
  0.31251502E+00  0.10071552E+02
  0.32259615E+00  0.10080980E+02
  0.33267728E+00  0.10089434E+02
  0.34275841E+00  0.10096853E+02
  0.35283954E+00  0.10103183E+02
  0.36292067E+00  0.10108373E+02
  0.37300179E+00  0.10112378E+02
  0.38308292E+00  0.10115158E+02
  0.39316405E+00  0.10116678E+02
  0.40324518E+00  0.10116910E+02
  0.41332631E+00  0.10115829E+02
  0.42340744E+00  0.10113417E+02
  0.43348857E+00  0.10109661E+02
  0.44356970E+00  0.10104552E+02
  0.45365083E+00  0.10098089E+02
  0.46373196E+00  0.10090274E+02
  0.47381309E+00  0.10081114E+02
  0.48389422E+00  0.10070622E+02
  0.49397535E+00  0.10058814E+02
  0.50405648E+00  0.10045714E+02
  0.51413761E+00  0.10031346E+02
  0.52421874E+00  0.10015740E+02
  0.53429987E+00  0.99989317E+01
  0.54438100E+00  0.99809575E+01
  0.55446213E+00  0.99618591E+01
  0.56454326E+00  0.99416808E+01
  0.57462439E+00  0.99204702E+01
  0.58470552E+00  0.98982776E+01
  0.59478665E+00  0.98751560E+01
  0.60486778E+00  0.98511605E+01
  0.61494890E+00  0.98263488E+01
  0.62503003E+00  0.98007800E+01
  0.63511116E+00  0.97745156E+01
  0.64519229E+00  0.97476182E+01
  0.65527342E+00  0.97201523E+01
  0.66535455E+00  0.96921833E+01
  0.67543568E+00  0.96637782E+01
  0.68551681E+00  0.96350049E+01
  0.69559794E+00  0.96059325E+01
  0.70567907E+00  0.95766308E+01
  0.71576020E+00  0.95471708E+01
  0.72584133E+00  0.95176243E+01
  0.73592246E+00  0.94880639E+01
  0.74600359E+00  0.94585634E+01
  0.75608472E+00  0.94291972E+01
  0.76616585E+00  0.94000409E+01
  0.77624698E+00  0.93711708E+01
  0.78632811E+00  0.93426646E+01
  0.79640924E+00  0.93146006E+01
  0.80649037E+00  0.92870585E+01
  0.81657150E+00  0.92601187E+01
  0.82665263E+00  0.92338628E+01
  0.83673376E+00  0.92083732E+01
  0.84681489E+00  0.91837330E+01
  0.85689601E+00  0.91600258E+01
  0.86697714E+00  0.91373355E+01
  0.87705827E+00  0.91157456E+01
  0.88713940E+00  0.90953393E+01
  0.89722053E+00  0.90761984E+01
  0.90730166E+00  0.90584031E+01
  0.91738279E+00  0.90420309E+01
  0.92746392E+00  0.90271559E+01
  0.93754505E+00  0.90138481E+01
  0.94762618E+00  0.90021721E+01
  0.95770731E+00  0.89921864E+01
  0.96778844E+00  0.89839425E+01
  0.97786957E+00  0.89774838E+01
  0.98795070E+00  0.89728451E+01
  0.99803183E+00  0.89700516E+01
  0.10081130E+01  0.89691187E+01
  0.10182353E+01  0.89715308E+01
  0.10283576E+01  0.89787384E+01
  0.10384800E+01  0.89906577E+01
  0.10486023E+01  0.90071532E+01
  0.10587246E+01  0.90280454E+01
  0.10688470E+01  0.90531178E+01
  0.10789693E+01  0.90821271E+01
  0.10890916E+01  0.91148111E+01
  0.10992140E+01  0.91508979E+01
  0.11093363E+01  0.91901127E+01
  0.11194586E+01  0.92321844E+01
  0.11295810E+01  0.92768498E+01
  0.11397033E+01  0.93238576E+01
  0.11498257E+01  0.93729705E+01
  0.11599480E+01  0.94239673E+01
  0.11700703E+01  0.94766427E+01
  0.11801927E+01  0.95308085E+01
  0.11903150E+01  0.95862928E+01
  0.12004373E+01  0.96429398E+01
  0.12105597E+01  0.97006090E+01
  0.12206820E+01  0.97591748E+01
  0.12308043E+01  0.98185250E+01
  0.12409267E+01  0.98785607E+01
  0.12510490E+01  0.99391952E+01
  0.12611713E+01  0.10000353E+02
  0.12712937E+01  0.10061970E+02
  0.12814160E+01  0.10123992E+02
  0.12915384E+01  0.10186373E+02
  0.13016607E+01  0.10249078E+02
  0.13117830E+01  0.10312078E+02
  0.13219054E+01  0.10375354E+02
  0.13320277E+01  0.10438893E+02
  0.13421500E+01  0.10502690E+02
  0.13522724E+01  0.10566744E+02
  0.13623947E+01  0.10631063E+02
  0.13725170E+01  0.10695659E+02
  0.13826394E+01  0.10760550E+02
  0.13927617E+01  0.10825759E+02
  0.14028840E+01  0.10891312E+02
  0.14130064E+01  0.10957241E+02
  0.14231287E+01  0.11002681E+02
  0.14332510E+01  0.10989781E+02
  0.14433734E+01  0.10973245E+02
  0.14534957E+01  0.10953061E+02
  0.14636181E+01  0.10929227E+02
  0.14737404E+01  0.10901754E+02
  0.14838627E+01  0.10870666E+02
  0.14939851E+01  0.10835998E+02
  0.15041074E+01  0.10797798E+02
  0.15142297E+01  0.10756125E+02
  0.15243521E+01  0.10711051E+02
  0.15344744E+01  0.10662657E+02
  0.15445967E+01  0.10611039E+02
  0.15547191E+01  0.10556302E+02
  0.15648414E+01  0.10498560E+02
  0.15749637E+01  0.10437940E+02
  0.15850861E+01  0.10374578E+02
  0.15952084E+01  0.10308617E+02
  0.16053307E+01  0.10240212E+02
  0.16154531E+01  0.10169523E+02
  0.16255754E+01  0.10096718E+02
  0.16356978E+01  0.10021971E+02
  0.16458201E+01  0.99454634E+01
  0.16559424E+01  0.98673793E+01
  0.16660648E+01  0.97879075E+01
  0.16761871E+01  0.97072401E+01
  0.16863094E+01  0.96255709E+01
  0.16964318E+01  0.95430951E+01
  0.17065541E+01  0.94600084E+01
  0.17166764E+01  0.93765055E+01
  0.17267988E+01  0.92927800E+01
  0.17369211E+01  0.92090226E+01
  0.17470434E+01  0.91254210E+01
  0.17571658E+01  0.90421586E+01
  0.17672881E+01  0.89594137E+01
  0.17774105E+01  0.88773590E+01
  0.17875328E+01  0.87961604E+01
  0.17976551E+01  0.87159768E+01
  0.18077775E+01  0.86369590E+01
  0.18178998E+01  0.85592496E+01
  0.18280221E+01  0.84829821E+01
  0.18381445E+01  0.84082807E+01
  0.18482668E+01  0.83352597E+01
  0.18583891E+01  0.82640236E+01
  0.18685115E+01  0.81946665E+01
  0.18786338E+01  0.81272720E+01
  0.18887561E+01  0.80619134E+01
  0.18988785E+01  0.79986535E+01
  0.19090008E+01  0.79375446E+01
  0.19191231E+01  0.78786287E+01
  0.19292455E+01  0.78219379E+01
  0.19393678E+01  0.77674943E+01
  0.19494902E+01  0.77153105E+01
  0.19596125E+01  0.76653900E+01
  0.19697348E+01  0.76177274E+01
  0.19798572E+01  0.75723091E+01
  0.19899795E+01  0.75291136E+01
  0.20001018E+01  0.74881120E+01
  0.20102242E+01  0.74492687E+01
  0.20203465E+01  0.74125418E+01
  0.20304688E+01  0.73778835E+01
  0.20405912E+01  0.73452412E+01
  0.20507135E+01  0.73145576E+01
  0.20608358E+01  0.72857713E+01
  0.20709582E+01  0.72588179E+01
  0.20810805E+01  0.72336299E+01
  0.20912029E+01  0.72101378E+01
  0.21013252E+01  0.71882704E+01
  0.21114475E+01  0.71679554E+01
  0.21215699E+01  0.71491201E+01
  0.21316922E+01  0.71316917E+01
  0.21418145E+01  0.71155979E+01
  0.21519369E+01  0.71007675E+01
  0.21620592E+01  0.70871305E+01
  0.21721815E+01  0.70746189E+01
  
  0.00000000E+00  0.97325355E+01
  0.10081130E-01  0.97331273E+01
  0.20162259E-01  0.97348991E+01
  0.30243389E-01  0.97378398E+01
  0.40324518E-01  0.97419314E+01
  0.50405648E-01  0.97471486E+01
  0.60486778E-01  0.97534592E+01
  0.70567907E-01  0.97608242E+01
  0.80649037E-01  0.97691984E+01
  0.90730166E-01  0.97785302E+01
  0.10081130E+00  0.97887622E+01
  0.11089243E+00  0.97998317E+01
  0.12097356E+00  0.98116708E+01
  0.13105468E+00  0.98242070E+01
  0.14113581E+00  0.98373636E+01
  0.15121694E+00  0.98510603E+01
  0.16129807E+00  0.98652136E+01
  0.17137920E+00  0.98797371E+01
  0.18146033E+00  0.98945423E+01
  0.19154146E+00  0.99095392E+01
  0.20162259E+00  0.99246365E+01
  0.21170372E+00  0.99397421E+01
  0.22178485E+00  0.99547640E+01
  0.23186598E+00  0.99696104E+01
  0.24194711E+00  0.99841906E+01
  0.25202824E+00  0.99984150E+01
  0.26210937E+00  0.10012196E+02
  0.27219050E+00  0.10025447E+02
  0.28227163E+00  0.10038087E+02
  0.29235276E+00  0.10050035E+02
  0.30243389E+00  0.10061214E+02
  0.31251502E+00  0.10071552E+02
  0.32259615E+00  0.10080980E+02
  0.33267728E+00  0.10089434E+02
  0.34275841E+00  0.10096853E+02
  0.35283954E+00  0.10103183E+02
  0.36292067E+00  0.10108373E+02
  0.37300179E+00  0.10112378E+02
  0.38308292E+00  0.10115158E+02
  0.39316405E+00  0.10116678E+02
  0.40324518E+00  0.10116910E+02
  0.41332631E+00  0.10115829E+02
  0.42340744E+00  0.10113417E+02
  0.43348857E+00  0.10109661E+02
  0.44356970E+00  0.10104552E+02
  0.45365083E+00  0.10098089E+02
  0.46373196E+00  0.10090274E+02
  0.47381309E+00  0.10081114E+02
  0.48389422E+00  0.10070622E+02
  0.49397535E+00  0.10058814E+02
  0.50405648E+00  0.10045714E+02
  0.51413761E+00  0.10031346E+02
  0.52421874E+00  0.10015740E+02
  0.53429987E+00  0.99989317E+01
  0.54438100E+00  0.99809576E+01
  0.55446213E+00  0.99618591E+01
  0.56454326E+00  0.99416808E+01
  0.57462439E+00  0.99204702E+01
  0.58470552E+00  0.98982776E+01
  0.59478665E+00  0.98751560E+01
  0.60486778E+00  0.98511606E+01
  0.61494890E+00  0.98263488E+01
  0.62503003E+00  0.98007801E+01
  0.63511116E+00  0.97745156E+01
  0.64519229E+00  0.97476182E+01
  0.65527342E+00  0.97201523E+01
  0.66535455E+00  0.96921833E+01
  0.67543568E+00  0.96637782E+01
  0.68551681E+00  0.96350050E+01
  0.69559794E+00  0.96059325E+01
  0.70567907E+00  0.95766308E+01
  0.71576020E+00  0.95471708E+01
  0.72584133E+00  0.95176243E+01
  0.73592246E+00  0.94880640E+01
  0.74600359E+00  0.94585634E+01
  0.75608472E+00  0.94291972E+01
  0.76616585E+00  0.94000409E+01
  0.77624698E+00  0.93711709E+01
  0.78632811E+00  0.93426646E+01
  0.79640924E+00  0.93146006E+01
  0.80649037E+00  0.92870585E+01
  0.81657150E+00  0.92601187E+01
  0.82665263E+00  0.92338628E+01
  0.83673376E+00  0.92083733E+01
  0.84681489E+00  0.91837331E+01
  0.85689601E+00  0.91600259E+01
  0.86697714E+00  0.91373355E+01
  0.87705827E+00  0.91187241E+01
  0.88713940E+00  0.91127905E+01
  0.89722053E+00  0.91042333E+01
  0.90730166E+00  0.90931703E+01
  0.91738279E+00  0.90798636E+01
  0.92746392E+00  0.90647411E+01
  0.93754505E+00  0.90484012E+01
  0.94762618E+00  0.90315956E+01
  0.95770731E+00  0.90151901E+01
  0.96778844E+00  0.90001043E+01
  0.97786957E+00  0.89872395E+01
  0.98795070E+00  0.89774006E+01
  0.99803183E+00  0.89712243E+01
  0.10081130E+01  0.89691187E+01
  0.10182353E+01  0.89715308E+01
  0.10283576E+01  0.89787384E+01
  0.10384800E+01  0.89906577E+01
  0.10486023E+01  0.90071532E+01
  0.10587246E+01  0.90280454E+01
  0.10688470E+01  0.90531178E+01
  0.10789693E+01  0.90821271E+01
  0.10890916E+01  0.91148111E+01
  0.10992140E+01  0.91508979E+01
  0.11093363E+01  0.91901127E+01
  0.11194586E+01  0.92321844E+01
  0.11295810E+01  0.92768498E+01
  0.11397033E+01  0.93238576E+01
  0.11498257E+01  0.93729706E+01
  0.11599480E+01  0.94239673E+01
  0.11700703E+01  0.94766427E+01
  0.11801927E+01  0.95308085E+01
  0.11903150E+01  0.95862928E+01
  0.12004373E+01  0.96429398E+01
  0.12105597E+01  0.97006091E+01
  0.12206820E+01  0.97591748E+01
  0.12308043E+01  0.98185250E+01
  0.12409267E+01  0.98785607E+01
  0.12510490E+01  0.99391952E+01
  0.12611713E+01  0.10000353E+02
  0.12712937E+01  0.10061970E+02
  0.12814160E+01  0.10123992E+02
  0.12915384E+01  0.10186373E+02
  0.13016607E+01  0.10249078E+02
  0.13117830E+01  0.10312078E+02
  0.13219054E+01  0.10375354E+02
  0.13320277E+01  0.10438893E+02
  0.13421500E+01  0.10502690E+02
  0.13522724E+01  0.10566744E+02
  0.13623947E+01  0.10631063E+02
  0.13725170E+01  0.10695659E+02
  0.13826394E+01  0.10760550E+02
  0.13927617E+01  0.10825759E+02
  0.14028840E+01  0.10891312E+02
  0.14130064E+01  0.10957241E+02
  0.14231287E+01  0.11023582E+02
  0.14332510E+01  0.11090372E+02
  0.14433734E+01  0.11157652E+02
  0.14534957E+01  0.11225468E+02
  0.14636181E+01  0.11293865E+02
  0.14737404E+01  0.11362890E+02
  0.14838627E+01  0.11432594E+02
  0.14939851E+01  0.11503027E+02
  0.15041074E+01  0.11574238E+02
  0.15142297E+01  0.11646279E+02
  0.15243521E+01  0.11719199E+02
  0.15344744E+01  0.11793048E+02
  0.15445967E+01  0.11867874E+02
  0.15547191E+01  0.11943722E+02
  0.15648414E+01  0.12020635E+02
  0.15749637E+01  0.12098655E+02
  0.15850861E+01  0.12177817E+02
  0.15952084E+01  0.12258156E+02
  0.16053307E+01  0.12339701E+02
  0.16154531E+01  0.12422475E+02
  0.16255754E+01  0.12506498E+02
  0.16356978E+01  0.12591783E+02
  0.16458201E+01  0.12678336E+02
  0.16559424E+01  0.12766160E+02
  0.16660648E+01  0.12855246E+02
  0.16761871E+01  0.12945582E+02
  0.16863094E+01  0.13037147E+02
  0.16964318E+01  0.13129911E+02
  0.17065541E+01  0.13223837E+02
  0.17166764E+01  0.13318880E+02
  0.17267988E+01  0.13414985E+02
  0.17369211E+01  0.13512090E+02
  0.17470434E+01  0.13610123E+02
  0.17571658E+01  0.13709003E+02
  0.17672881E+01  0.13808640E+02
  0.17774105E+01  0.13908936E+02
  0.17875328E+01  0.14009784E+02
  0.17976551E+01  0.14111068E+02
  0.18077775E+01  0.14212663E+02
  0.18178998E+01  0.14314436E+02
  0.18280221E+01  0.14416248E+02
  0.18381445E+01  0.14517950E+02
  0.18482668E+01  0.14619387E+02
  0.18583891E+01  0.14720397E+02
  0.18685115E+01  0.14820811E+02
  0.18786338E+01  0.14920455E+02
  0.18887561E+01  0.15019151E+02
  0.18988785E+01  0.15116715E+02
  0.19090008E+01  0.15212960E+02
  0.19191231E+01  0.15307695E+02
  0.19292455E+01  0.15400728E+02
  0.19393678E+01  0.15491864E+02
  0.19494902E+01  0.15580909E+02
  0.19596125E+01  0.15667668E+02
  0.19697348E+01  0.15751946E+02
  0.19798572E+01  0.15833552E+02
  0.19899795E+01  0.15912296E+02
  0.20001018E+01  0.15987991E+02
  0.20102242E+01  0.16060455E+02
  0.20203465E+01  0.16129512E+02
  0.20304688E+01  0.16194991E+02
  0.20405912E+01  0.16256728E+02
  0.20507135E+01  0.16314566E+02
  0.20608358E+01  0.16368357E+02
  0.20709582E+01  0.16417961E+02
  0.20810805E+01  0.16463250E+02
  0.20912029E+01  0.16504103E+02
  0.21013252E+01  0.16540412E+02
  0.21114475E+01  0.16572081E+02
  0.21215699E+01  0.16599024E+02
  0.21316922E+01  0.16621169E+02
  0.21418145E+01  0.16638456E+02
  0.21519369E+01  0.16650837E+02
  0.21620592E+01  0.16658279E+02
  0.21721815E+01  0.16660762E+02
  
  0.00000000E+00  0.14156173E+02
  0.10081130E-01  0.14156832E+02
  0.20162259E-01  0.14158803E+02
  0.30243389E-01  0.14162063E+02
  0.40324518E-01  0.14166574E+02
  0.50405648E-01  0.14172283E+02
  0.60486778E-01  0.14179122E+02
  0.70567907E-01  0.14187012E+02
  0.80649037E-01  0.14195859E+02
  0.90730166E-01  0.14205556E+02
  0.10081130E+00  0.14215987E+02
  0.11089243E+00  0.14227025E+02
  0.12097356E+00  0.14238531E+02
  0.13105468E+00  0.14250362E+02
  0.14113581E+00  0.14262364E+02
  0.15121694E+00  0.14274379E+02
  0.16129807E+00  0.14286245E+02
  0.17137920E+00  0.14297794E+02
  0.18146033E+00  0.14308856E+02
  0.19154146E+00  0.14319262E+02
  0.20162259E+00  0.14328838E+02
  0.21170372E+00  0.14337416E+02
  0.22178485E+00  0.14344827E+02
  0.23186598E+00  0.14350904E+02
  0.24194711E+00  0.14355486E+02
  0.25202824E+00  0.14358416E+02
  0.26210937E+00  0.14359543E+02
  0.27219050E+00  0.14358720E+02
  0.28227163E+00  0.14355810E+02
  0.29235276E+00  0.14350682E+02
  0.30243389E+00  0.14343214E+02
  0.31251502E+00  0.14333292E+02
  0.32259615E+00  0.14320814E+02
  0.33267728E+00  0.14305684E+02
  0.34275841E+00  0.14287819E+02
  0.35283954E+00  0.14267144E+02
  0.36292067E+00  0.14243597E+02
  0.37300179E+00  0.14217124E+02
  0.38308292E+00  0.14187683E+02
  0.39316405E+00  0.14155243E+02
  0.40324518E+00  0.14119784E+02
  0.41332631E+00  0.14081295E+02
  0.42340744E+00  0.14039775E+02
  0.43348857E+00  0.13995236E+02
  0.44356970E+00  0.13947697E+02
  0.45365083E+00  0.13897189E+02
  0.46373196E+00  0.13843748E+02
  0.47381309E+00  0.13787424E+02
  0.48389422E+00  0.13728271E+02
  0.49397535E+00  0.13666353E+02
  0.50405648E+00  0.13601742E+02
  0.51413761E+00  0.13534516E+02
  0.52421874E+00  0.13464758E+02
  0.53429987E+00  0.13392558E+02
  0.54438100E+00  0.13318014E+02
  0.55446213E+00  0.13241224E+02
  0.56454326E+00  0.13162294E+02
  0.57462439E+00  0.13081333E+02
  0.58470552E+00  0.12998452E+02
  0.59478665E+00  0.12913768E+02
  0.60486778E+00  0.12827399E+02
  0.61494890E+00  0.12739465E+02
  0.62503003E+00  0.12650088E+02
  0.63511116E+00  0.12559394E+02
  0.64519229E+00  0.12467509E+02
  0.65527342E+00  0.12374563E+02
  0.66535455E+00  0.12280686E+02
  0.67543568E+00  0.12186010E+02
  0.68551681E+00  0.12090673E+02
  0.69559794E+00  0.11994812E+02
  0.70567907E+00  0.11898570E+02
  0.71576020E+00  0.11802095E+02
  0.72584133E+00  0.11705540E+02
  0.73592246E+00  0.11609065E+02
  0.74600359E+00  0.11512839E+02
  0.75608472E+00  0.11417041E+02
  0.76616585E+00  0.11321863E+02
  0.77624698E+00  0.11227513E+02
  0.78632811E+00  0.11134215E+02
  0.79640924E+00  0.11042214E+02
  0.80649037E+00  0.10951780E+02
  0.81657150E+00  0.10863208E+02
  0.82665263E+00  0.10776825E+02
  0.83673376E+00  0.10692985E+02
  0.84681489E+00  0.10612077E+02
  0.85689601E+00  0.10534514E+02
  0.86697714E+00  0.10460731E+02
  0.87705827E+00  0.10391172E+02
  0.88713940E+00  0.10326270E+02
  0.89722053E+00  0.10266425E+02
  0.90730166E+00  0.10211975E+02
  0.91738279E+00  0.10163165E+02
  0.92746392E+00  0.10120133E+02
  0.93754505E+00  0.10082894E+02
  0.94762618E+00  0.10051347E+02
  0.95770731E+00  0.10025300E+02
  0.96778844E+00  0.10004503E+02
  0.97786957E+00  0.99886860E+01
  0.98795070E+00  0.99775956E+01
  0.99803183E+00  0.99710290E+01
  0.10081130E+01  0.99688552E+01
  0.10182353E+01  0.99710403E+01
  0.10283576E+01  0.99775644E+01
  0.10384800E+01  0.99883348E+01
  0.10486023E+01  0.10003203E+02
  0.10587246E+01  0.10021970E+02
  0.10688470E+01  0.10044396E+02
  0.10789693E+01  0.10070211E+02
  0.10890916E+01  0.10099120E+02
  0.10992140E+01  0.10130812E+02
  0.11093363E+01  0.10164969E+02
  0.11194586E+01  0.10201270E+02
  0.11295810E+01  0.10239394E+02
  0.11397033E+01  0.10279024E+02
  0.11498257E+01  0.10319850E+02
  0.11599480E+01  0.10361572E+02
  0.11700703E+01  0.10403897E+02
  0.11801927E+01  0.10446543E+02
  0.11903150E+01  0.10489237E+02
  0.12004373E+01  0.10531718E+02
  0.12105597E+01  0.10573734E+02
  0.12206820E+01  0.10615043E+02
  0.12308043E+01  0.10655412E+02
  0.12409267E+01  0.10694620E+02
  0.12510490E+01  0.10732453E+02
  0.12611713E+01  0.10768707E+02
  0.12712937E+01  0.10803186E+02
  0.12814160E+01  0.10835705E+02
  0.12915384E+01  0.10866087E+02
  0.13016607E+01  0.10894163E+02
  0.13117830E+01  0.10919773E+02
  0.13219054E+01  0.10942769E+02
  0.13320277E+01  0.10963007E+02
  0.13421500E+01  0.10980358E+02
  0.13522724E+01  0.10994699E+02
  0.13623947E+01  0.11005917E+02
  0.13725170E+01  0.11013911E+02
  0.13826394E+01  0.11018589E+02
  0.13927617E+01  0.11019870E+02
  0.14028840E+01  0.11017683E+02
  0.14130064E+01  0.11011969E+02
  0.14231287E+01  0.11023582E+02
  0.14332510E+01  0.11090372E+02
  0.14433734E+01  0.11157652E+02
  0.14534957E+01  0.11225468E+02
  0.14636181E+01  0.11293865E+02
  0.14737404E+01  0.11362890E+02
  0.14838627E+01  0.11432594E+02
  0.14939851E+01  0.11503027E+02
  0.15041074E+01  0.11574238E+02
  0.15142297E+01  0.11646279E+02
  0.15243521E+01  0.11719199E+02
  0.15344744E+01  0.11793048E+02
  0.15445967E+01  0.11867874E+02
  0.15547191E+01  0.11943722E+02
  0.15648414E+01  0.12020635E+02
  0.15749637E+01  0.12098655E+02
  0.15850861E+01  0.12177817E+02
  0.15952084E+01  0.12258156E+02
  0.16053307E+01  0.12339701E+02
  0.16154531E+01  0.12422475E+02
  0.16255754E+01  0.12506498E+02
  0.16356978E+01  0.12591783E+02
  0.16458201E+01  0.12678336E+02
  0.16559424E+01  0.12766160E+02
  0.16660648E+01  0.12855246E+02
  0.16761871E+01  0.12945582E+02
  0.16863094E+01  0.13037147E+02
  0.16964318E+01  0.13129911E+02
  0.17065541E+01  0.13223837E+02
  0.17166764E+01  0.13318880E+02
  0.17267988E+01  0.13414985E+02
  0.17369211E+01  0.13512090E+02
  0.17470434E+01  0.13610123E+02
  0.17571658E+01  0.13709003E+02
  0.17672881E+01  0.13808640E+02
  0.17774105E+01  0.13908936E+02
  0.17875328E+01  0.14009784E+02
  0.17976551E+01  0.14111068E+02
  0.18077775E+01  0.14212663E+02
  0.18178998E+01  0.14314436E+02
  0.18280221E+01  0.14416248E+02
  0.18381445E+01  0.14517950E+02
  0.18482668E+01  0.14619387E+02
  0.18583891E+01  0.14720397E+02
  0.18685115E+01  0.14820811E+02
  0.18786338E+01  0.14920455E+02
  0.18887561E+01  0.15019151E+02
  0.18988785E+01  0.15116715E+02
  0.19090008E+01  0.15212960E+02
  0.19191231E+01  0.15307695E+02
  0.19292455E+01  0.15400728E+02
  0.19393678E+01  0.15491864E+02
  0.19494902E+01  0.15580909E+02
  0.19596125E+01  0.15667668E+02
  0.19697348E+01  0.15751946E+02
  0.19798572E+01  0.15833552E+02
  0.19899795E+01  0.15912296E+02
  0.20001018E+01  0.15987991E+02
  0.20102242E+01  0.16060455E+02
  0.20203465E+01  0.16129512E+02
  0.20304688E+01  0.16194991E+02
  0.20405912E+01  0.16256728E+02
  0.20507135E+01  0.16314566E+02
  0.20608358E+01  0.16368357E+02
  0.20709582E+01  0.16417961E+02
  0.20810805E+01  0.16463250E+02
  0.20912029E+01  0.16504103E+02
  0.21013252E+01  0.16540412E+02
  0.21114475E+01  0.16572081E+02
  0.21215699E+01  0.16599024E+02
  0.21316922E+01  0.16621169E+02
  0.21418145E+01  0.16638456E+02
  0.21519369E+01  0.16650837E+02
  0.21620592E+01  0.16658279E+02
  0.21721815E+01  0.16660762E+02
  
